378.63484	82.00000
378.70114	-42.00000
378.76744	-58.00000
378.83373	166.00000
378.90002	-346.00000
378.96630	92.00000
379.03258	24.00000
379.09886	-80.00000
379.16513	-64.00000
379.23140	62.00000
379.29767	133.00000
379.36393	48.00000
379.43019	-48.00000
379.49644	14.00000
379.56269	-48.00000
379.62893	18.00000
379.69517	-60.00000
379.76141	90.00000
379.82764	64.00000
379.89387	-14.00000
379.96010	-31.00000
380.02632	140.00000
380.09254	-38.00000
380.15875	-48.00000
380.22496	-25.00000
380.29116	86.00000
380.35736	-22.00000
380.42356	-98.00000
380.48975	-26.00000
380.55594	72.00000
380.62213	32.00000
380.68831	-244.00000
380.75449	134.00000
380.82066	198.00000
380.88683	-2.00000
380.95299	2.00000
381.01915	-258.00000
381.08531	-47.00000
381.15146	278.00000
381.21761	44.00000
381.28376	-176.00000
381.34990	-16.00000
381.41604	110.00000
381.48217	196.00000
381.54830	0.00000
381.61442	-16.00000
381.68054	208.00000
381.74666	83.00000
381.81277	112.00000
381.87888	48.00000
381.94499	-172.00000
382.01109	-222.00000
382.07719	112.00000
382.14328	228.00000
382.20937	197.00000
382.27545	26.00000
382.34153	192.00000
382.40761	190.00000
382.47368	-64.00000
382.53975	64.00000
382.60582	-141.00000
382.67188	111.00000
382.73794	199.00000
382.80399	206.00000
382.87004	22.00000
382.93608	-25.00000
383.00212	110.00000
383.06816	-12.00000
383.13419	349.00000
383.20022	-146.00000
383.26625	86.00000
383.33227	100.00000
383.39829	16.00000
383.46430	22.00000
383.53031	-52.00000
383.59631	-43.00000
383.66231	-48.00000
383.72831	416.00000
383.79430	110.00000
383.86029	278.00000
383.92628	132.00000
383.99226	-62.00000
384.05824	-1.00000
384.12421	4.00000
384.19018	52.00000
384.25614	270.00000
384.32210	34.00000
384.38806	-32.00000
384.45401	214.00000
384.51996	95.00000
384.58591	144.00000
384.65185	26.00000
384.71779	66.00000
384.78372	52.00000
384.84965	16.00000
384.91557	174.00000
384.98149	186.00000
385.04741	222.00000
385.11332	48.00000
385.17923	34.00000
385.24514	-4.00000
385.31104	-70.00000
385.37694	-76.00000
385.44283	256.00000
385.50872	-28.00000
385.57460	-60.00000
385.64048	-155.00000
385.70636	-10.00000
385.77223	208.00000
385.83810	188.00000
385.90397	1642.00000
385.96983	94.00000
386.03569	18.00000
386.10154	18.00000
386.16739	74.00000
386.23323	240.00000
386.29907	32.00000
386.36491	144.00000
386.43074	-188.00000
386.49657	240.00000
386.56240	-46.00000
386.62822	48.00000
386.69404	32.00000
386.75985	142.00000
386.82566	128.00000
386.89146	-68.00000
386.95726	-64.00000
387.02306	320.00000
387.08885	-146.00000
387.15464	204.00000
387.22043	147.00000
387.28621	290.00000
387.35199	46.00000
387.41776	-128.00000
387.48353	-14.00000
387.54929	224.00000
387.61505	-214.00000
387.68081	492.00000
387.74656	78.00000
387.81231	174.00000
387.87806	-162.00000
387.94380	-63.00000
388.00954	-43.00000
388.07527	14.00000
388.14100	-46.00000
388.20672	-92.00000
388.27244	128.00000
388.33816	224.00000
388.40387	-143.00000
388.46958	131.00000
388.53529	224.00000
388.60099	14.00000
388.66669	46.00000
388.73238	58.00000
388.79807	158.00000
388.86375	78.00000
388.92943	46.00000
388.99511	228.00000
389.06078	288.00000
389.12645	190.00000
389.19212	240.00000
389.25778	-86.00000
389.32344	203.00000
389.38909	-160.00000
389.45474	5.00000
389.52038	115.00000
389.58602	176.00000
389.65166	-1026.00000
389.71729	-34.00000
389.78292	-63.00000
389.84855	144.00000
389.91417	-48.00000
389.97979	17.00000
390.04540	94.00000
390.11101	144.00000
390.17661	17.00000
390.24221	241.00000
390.30781	-224.00000
390.37340	0.00000
390.43899	88.00000
390.50458	37.00000
390.57016	770.00000
390.63574	-105.00000
390.70131	130.00000
390.76688	14.00000
390.83244	238.00000
390.89800	142.00000
390.96356	181.00000
391.02911	242.00000
391.09466	-647.00000
391.16021	142.00000
391.22575	-18.00000
391.29129	474.00000
391.35682	50.00000
391.42235	324.00000
391.48787	70.00000
391.55339	-82.00000
391.61891	242.00000
391.68442	14.00000
391.74993	34.00000
391.81544	144.00000
391.88094	100.00000
391.94644	142.00000
392.01193	94.00000
392.07742	306.00000
392.14290	122.00000
392.20838	46.00000
392.27386	290.00000
392.33933	270.00000
392.40480	120.00000
392.47027	4.00000
392.53573	48.00000
392.60119	80.00000
392.66664	94.00000
392.73209	-60.00000
392.79753	174.00000
392.86297	-246.00000
392.92841	353.00000
392.99384	130.00000
393.05927	14.00000
393.12470	836.00000
393.19012	94.00000
393.25554	96.00000
393.32095	254.00000
393.38636	-144.00000
393.45176	238.00000
393.51716	30.00000
393.58256	50.00000
393.64795	-158.00000
393.71334	-86.00000
393.77873	322.00000
393.84411	222.00000
393.90949	193.00000
393.97486	192.00000
394.04023	96.00000
394.10559	-26.00000
394.17095	-40.00000
394.23631	1.00000
394.30166	212.00000
394.36701	3.00000
394.43236	138.00000
394.49770	130.00000
394.56304	98.00000
394.62837	62.00000
394.69370	64.00000
394.75902	101.00000
394.82434	158.00000
394.88966	117.00000
394.95497	62.00000
395.02028	206.00000
395.08559	68.00000
395.15089	89.00000
395.21619	-198.00000
395.28148	462.00000
395.34677	396.00000
395.41205	174.00000
395.47733	224.00000
395.54261	-114.00000
395.60788	353.00000
395.67315	390.00000
395.73842	-38.00000
395.80368	14.00000
395.86894	278.00000
395.93419	87.00000
395.99944	10.00000
396.06468	150.00000
396.12992	276.00000
396.19516	490.00000
396.26039	32.00000
396.32562	208.00000
396.39085	-58.00000
396.45607	272.00000
396.52129	317.00000
396.58650	297.00000
396.65171	109.00000
396.71691	365.00000
396.78211	206.00000
396.84731	64.00000
396.91250	-250.00000
396.97769	120.00000
397.04288	120.00000
397.10806	113.00000
397.17324	228.00000
397.23841	-538.00000
397.30358	96.00000
397.36874	142.00000
397.43390	81.00000
397.49906	98.00000
397.56421	30.00000
397.62936	390.00000
397.69451	98.00000
397.75965	194.00000
397.82479	274.00000
397.88992	18.00000
397.95505	31.00000
398.02017	359.00000
398.08529	219.00000
398.15041	322.00000
398.21552	241.00000
398.28063	128.00000
398.34574	-118.00000
398.41084	131.00000
398.47594	192.00000
398.54103	260.00000
398.60612	130.00000
398.67120	-12.00000
398.73628	194.00000
398.80136	256.00000
398.86643	117.00000
398.93150	16.00000
398.99657	80.00000
399.06163	251.00000
399.12669	257.00000
399.19174	240.00000
399.25679	1310.00000
399.32183	226.00000
399.38687	128.00000
399.45191	258.00000
399.51694	209.00000
399.58197	443.00000
399.64700	401.00000
399.71202	219.00000
399.77704	166.00000
399.84205	496.00000
399.90706	242.00000
399.97206	92.00000
400.03706	162.00000
400.10206	226.00000
400.16705	96.00000
400.23204	193.00000
400.29703	497.00000
400.36201	320.00000
400.42699	272.00000
400.49196	238.00000
400.55693	322.00000
400.62189	402.00000
400.68685	98.00000
400.75181	114.00000
400.81676	454.00000
400.88171	78.00000
400.94666	-4.00000
401.01160	518.00000
401.07654	366.00000
401.14147	114.00000
401.20640	66.00000
401.27132	502.00000
401.33624	130.00000
401.40116	385.00000
401.46607	281.00000
401.53098	245.00000
401.59589	104.00000
401.66079	-9.00000
401.72569	412.00000
401.79058	399.00000
401.85547	258.00000
401.92035	402.00000
401.98523	352.00000
402.05011	80.00000
402.11498	178.00000
402.17985	358.00000
402.24472	112.00000
402.30958	310.00000
402.37444	242.00000
402.43929	273.00000
402.50414	252.00000
402.56898	252.00000
402.63382	405.00000
402.69866	302.00000
402.76349	444.00000
402.82832	400.00000
402.89315	273.00000
402.95797	354.00000
403.02279	352.00000
403.08760	233.00000
403.15241	274.00000
403.21721	384.00000
403.28201	305.00000
403.34681	812.00000
403.41160	242.00000
403.47639	290.00000
403.54118	409.00000
403.60596	205.00000
403.67074	436.00000
403.73551	390.00000
403.80028	290.00000
403.86504	1108.00000
403.92980	178.00000
403.99456	194.00000
404.05931	557.00000
404.12406	418.00000
404.18881	481.00000
404.25355	333.00000
404.31829	328.00000
404.38302	352.00000
404.44775	370.00000
404.51247	560.00000
404.57719	482.00000
404.64191	463.00000
404.70662	402.00000
404.77133	267.00000
404.83604	318.00000
404.90074	513.00000
404.96544	98.00000
405.03013	604.00000
405.09482	297.00000
405.15950	413.00000
405.22418	360.00000
405.28886	354.00000
405.35353	444.00000
405.41820	690.00000
405.48287	410.00000
405.54753	605.00000
405.61219	358.00000
405.67684	464.00000
405.74149	438.00000
405.80613	560.00000
405.87077	283.00000
405.93541	-430.00000
406.00004	433.00000
406.06467	230.00000
406.12930	740.00000
406.19392	396.00000
406.25854	688.00000
406.32315	720.00000
406.38776	546.00000
406.45236	412.00000
406.51696	532.00000
406.58156	492.00000
406.64615	300.00000
406.71074	582.00000
406.77533	752.00000
406.83991	718.00000
406.90449	622.00000
406.96906	699.00000
407.03363	320.00000
407.09819	700.00000
407.16275	342.00000
407.22731	818.00000
407.29186	530.00000
407.35641	562.00000
407.42096	368.00000
407.48550	626.00000
407.55004	630.00000
407.61457	590.00000
407.67910	594.00000
407.74362	830.00000
407.80814	800.00000
407.87266	614.00000
407.93717	414.00000
408.00168	866.00000
408.06619	638.00000
408.13069	587.00000
408.19519	592.00000
408.25968	658.00000
408.32417	650.00000
408.38865	498.00000
408.45313	658.00000
408.51761	908.00000
408.58208	608.00000
408.64655	748.00000
408.71102	802.00000
408.77548	556.00000
408.83994	608.00000
408.90439	667.00000
408.96884	778.00000
409.03328	1194.00000
409.09772	915.00000
409.16216	812.00000
409.22659	874.00000
409.29102	704.00000
409.35545	722.00000
409.41987	766.00000
409.48429	912.00000
409.54870	1018.00000
409.61311	896.00000
409.67751	806.00000
409.74191	866.00000
409.80631	1102.00000
409.87070	1006.00000
409.93509	828.00000
409.99948	853.00000
410.06386	901.00000
410.12824	764.00000
410.19261	930.00000
410.25698	854.00000
410.32134	964.00000
410.38570	784.00000
410.45006	1040.00000
410.51441	1136.00000
410.57876	800.00000
410.64311	692.00000
410.70745	958.00000
410.77179	1068.00000
410.83612	1072.00000
410.90045	778.00000
410.96477	884.00000
411.02909	940.00000
411.09341	970.00000
411.15772	1097.00000
411.22203	1099.00000
411.28634	1203.00000
411.35064	1186.00000
411.41494	1140.00000
411.47923	873.00000
411.54352	1214.00000
411.60780	1193.00000
411.67208	1071.00000
411.73636	1102.00000
411.80063	1150.00000
411.86490	1388.00000
411.92917	1124.00000
411.99343	1138.00000
412.05769	1538.00000
412.12194	1390.00000
412.18619	1405.00000
412.25043	1132.00000
412.31467	1428.00000
412.37891	1186.00000
412.44314	1110.00000
412.50737	1284.00000
412.57160	1350.00000
412.63582	1296.00000
412.70004	1229.00000
412.76425	1424.00000
412.82846	1456.00000
412.89266	1514.00000
412.95686	1521.00000
413.02106	1358.00000
413.08525	1508.00000
413.14944	1590.00000
413.21363	1376.00000
413.27781	1145.00000
413.34199	1477.00000
413.40616	1476.00000
413.47033	1699.00000
413.53449	1662.00000
413.59865	1648.00000
413.66281	2076.00000
413.72696	1616.00000
413.79111	1442.00000
413.85526	1650.00000
413.91940	1462.00000
413.98354	1696.00000
414.04767	1702.00000
414.11180	1943.00000
414.17592	2116.00000
414.24004	1408.00000
414.30416	1810.00000
414.36827	1552.00000
414.43238	1824.00000
414.49649	1772.00000
414.56059	1680.00000
414.62469	1680.00000
414.68878	2118.00000
414.75287	1678.00000
414.81695	1758.00000
414.88103	1966.00000
414.94511	2004.00000
415.00918	2294.00000
415.07325	1616.00000
415.13732	2018.00000
415.20138	1936.00000
415.26544	1990.00000
415.32949	1952.00000
415.39354	1856.00000
415.45758	2038.00000
415.52162	2294.00000
415.58566	2144.00000
415.64969	2114.00000
415.71372	2108.00000
415.77775	2064.00000
415.84177	2112.00000
415.90579	2017.00000
415.96980	2224.00000
416.03381	2240.00000
416.09781	2240.00000
416.16181	2282.00000
416.22581	2580.00000
416.28980	2656.00000
416.35379	2594.00000
416.41778	2446.00000
416.48176	2618.00000
416.54574	2878.00000
416.60971	2741.00000
416.67368	2890.00000
416.73764	2932.00000
416.80160	2468.00000
416.86556	2844.00000
416.92951	2558.00000
416.99346	2848.00000
417.05741	2784.00000
417.12135	2998.00000
417.18529	3090.00000
417.24922	2800.00000
417.31315	2800.00000
417.37707	2832.00000
417.44099	2742.00000
417.50491	2906.00000
417.56882	3078.00000
417.63273	3042.00000
417.69664	3070.00000
417.76054	2334.00000
417.82444	2960.00000
417.88833	3155.00000
417.95222	3088.00000
418.01610	2832.00000
418.07998	3143.00000
418.14386	3222.00000
418.20773	3170.00000
418.27160	2687.00000
418.33547	3328.00000
418.39933	3408.00000
418.46319	3474.00000
418.52704	3472.00000
418.59089	3470.00000
418.65473	3798.00000
418.71857	4000.00000
418.78241	3699.00000
418.84624	3746.00000
418.91007	3744.00000
418.97390	3615.00000
419.03772	3856.00000
419.10154	3868.00000
419.16535	3954.00000
419.22916	4224.00000
419.29296	4101.00000
419.35676	3904.00000
419.42056	4542.00000
419.48435	4404.00000
419.54814	4436.00000
419.61193	4464.00000
419.67571	4689.00000
419.73949	4727.00000
419.80326	4845.00000
419.86703	4746.00000
419.93079	4998.00000
419.99455	5065.00000
420.05831	4857.00000
420.12206	4870.00000
420.18581	5056.00000
420.24956	5264.00000
420.31330	5578.00000
420.37704	5485.00000
420.44077	5712.00000
420.50450	5910.00000
420.56822	5709.00000
420.63194	5778.00000
420.69566	5936.00000
420.75937	5971.00000
420.82308	7186.00000
420.88679	5806.00000
420.95049	6304.00000
421.01419	6246.00000
421.07788	6286.00000
421.14157	6306.00000
421.20525	6384.00000
421.26893	7013.00000
421.33261	6992.00000
421.39628	6927.00000
421.45995	7044.00000
421.52362	6939.00000
421.58728	6976.00000
421.65094	6788.00000
421.71459	7169.00000
421.77824	7110.00000
421.84188	7138.00000
421.90552	7713.00000
421.96916	7360.00000
422.03279	7600.00000
422.09642	7852.00000
422.16005	7774.00000
422.22367	7920.00000
422.28729	7858.00000
422.35090	7973.00000
422.41451	7930.00000
422.47811	7811.00000
422.54171	8034.00000
422.60531	8031.00000
422.66890	8274.00000
422.73249	8322.00000
422.79608	7925.00000
422.85966	8230.00000
422.92324	8619.00000
422.98681	8197.00000
423.05038	8522.00000
423.11394	8638.00000
423.17750	8668.00000
423.24106	8612.00000
423.30461	8470.00000
423.36816	8670.00000
423.43171	9042.00000
423.49525	8694.00000
423.55879	9389.00000
423.62232	9164.00000
423.68585	9422.00000
423.74937	9567.00000
423.81289	10359.00000
423.87641	10438.00000
423.93992	9714.00000
424.00343	10818.00000
424.06694	10530.00000
424.13044	10818.00000
424.19394	11026.00000
424.25743	10998.00000
424.32092	10898.00000
424.38440	11388.00000
424.44788	11490.00000
424.51136	11510.00000
424.57483	12259.00000
424.63830	11670.00000
424.70177	12012.00000
424.76523	12267.00000
424.82869	12256.00000
424.89214	12369.00000
424.95559	12690.00000
425.01903	12562.00000
425.08247	12717.00000
425.14591	12862.00000
425.20934	12530.00000
425.27277	12706.00000
425.33620	13110.00000
425.39962	13309.00000
425.46304	14306.00000
425.52645	13726.00000
425.58986	14001.00000
425.65326	13936.00000
425.71666	14333.00000
425.78006	14306.00000
425.84345	14306.00000
425.90684	14494.00000
425.97023	14370.00000
426.03361	14410.00000
426.09699	14738.00000
426.16036	15127.00000
426.22373	14946.00000
426.28709	15166.00000
426.35045	15298.00000
426.41381	15847.00000
426.47716	16274.00000
426.54051	16334.00000
426.60386	16669.00000
426.66720	16651.00000
426.73054	16523.00000
426.79387	16367.00000
426.85720	16738.00000
426.92052	16594.00000
426.98384	16850.00000
427.04716	17181.00000
427.11047	17130.00000
427.17378	17586.00000
427.23709	17935.00000
427.30039	18502.00000
427.36369	18322.00000
427.42698	18437.00000
427.49027	18386.00000
427.55355	18615.00000
427.61683	18866.00000
427.68011	18928.00000
427.74338	18626.00000
427.80665	19131.00000
427.86992	19067.00000
427.93318	18974.00000
427.99644	19764.00000
428.05969	19622.00000
428.12294	19554.00000
428.18618	20626.00000
428.24942	20410.00000
428.31266	20823.00000
428.37589	20882.00000
428.43912	21120.00000
428.50235	20817.00000
428.56557	21741.00000
428.62879	21356.00000
428.69200	21457.00000
428.75521	21346.00000
428.81841	21458.00000
428.88161	21634.00000
428.94481	21890.00000
429.00800	22402.00000
429.07119	23074.00000
429.13438	22918.00000
429.19756	23830.00000
429.26074	23350.00000
429.32391	23754.00000
429.38708	24071.00000
429.45024	23074.00000
429.51340	22720.00000
429.57656	22304.00000
429.63971	22480.00000
429.70286	22434.00000
429.76601	23254.00000
429.82915	24115.00000
429.89229	24766.00000
429.95542	25504.00000
430.01855	25872.00000
430.08167	26132.00000
430.14479	26446.00000
430.20791	25638.00000
430.27102	25142.00000
430.33413	24620.00000
430.39724	24470.00000
430.46034	24240.00000
430.52344	24822.00000
430.58653	24844.00000
430.64962	24784.00000
430.71270	26289.00000
430.77578	26798.00000
430.83886	27335.00000
430.90193	27360.00000
430.96500	27712.00000
431.02807	27431.00000
431.09113	26820.00000
431.15419	27060.00000
431.21724	25745.00000
431.28029	25952.00000
431.34333	25958.00000
431.40637	26752.00000
431.46941	26880.00000
431.53244	27167.00000
431.59547	28049.00000
431.65850	29532.00000
431.72152	28364.00000
431.78454	28471.00000
431.84755	28144.00000
431.91056	28556.00000
431.97356	28784.00000
432.03656	28902.00000
432.09956	28433.00000
432.16255	28679.00000
432.22554	28246.00000
432.28853	27232.00000
432.35151	27792.00000
432.41449	28512.00000
432.47746	28688.00000
432.54043	30066.00000
432.60339	30470.00000
432.66635	30468.00000
432.72931	30272.00000
432.79226	29782.00000
432.85521	29108.00000
432.91816	29633.00000
432.98110	30082.00000
433.04404	30278.00000
433.10697	30563.00000
433.16990	30276.00000
433.23282	29109.00000
433.29574	28870.00000
433.35866	29536.00000
433.42157	29986.00000
433.48448	30817.00000
433.54739	31380.00000
433.61029	30897.00000
433.67319	30230.00000
433.73608	30421.00000
433.79897	30718.00000
433.86185	30961.00000
433.92473	31476.00000
433.98761	30590.00000
434.05048	30230.00000
434.11335	29152.00000
434.17622	29842.00000
434.23908	29698.00000
434.30194	30549.00000
434.36479	30324.00000
434.42764	31154.00000
434.49048	30446.00000
434.55332	30417.00000
434.61616	31648.00000
434.67899	31425.00000
434.74182	30932.00000
434.80465	29664.00000
434.86747	28724.00000
434.93029	29524.00000
434.99310	29830.00000
435.05591	30110.00000
435.11871	29124.00000
435.18151	29396.00000
435.24431	29845.00000
435.30710	31348.00000
435.36989	31269.00000
435.43268	30787.00000
435.49546	30420.00000
435.55824	30210.00000
435.62101	31106.00000
435.68378	30805.00000
435.74654	29205.00000
435.80930	28946.00000
435.87206	28695.00000
435.93481	29186.00000
435.99756	28498.00000
436.06031	28540.00000
436.12305	28852.00000
436.18579	29410.00000
436.24852	30595.00000
436.31125	31012.00000
436.37397	29166.00000
436.43669	29463.00000
436.49941	29878.00000
436.56212	29156.00000
436.62483	28279.00000
436.68754	28674.00000
436.75024	28186.00000
436.81294	28850.00000
436.87563	28242.00000
436.93832	27188.00000
437.00100	27934.00000
437.06368	28338.00000
437.12636	28162.00000
437.18903	27458.00000
437.25170	27508.00000
437.31437	28338.00000
437.37703	27732.00000
437.43969	27653.00000
437.50234	27058.00000
437.56499	26513.00000
437.62763	26210.00000
437.69027	26069.00000
437.75291	25794.00000
437.81554	26197.00000
437.87817	26798.00000
437.94080	25666.00000
438.00342	26769.00000
438.06604	26114.00000
438.12865	26180.00000
438.19126	26526.00000
438.25386	26047.00000
438.31646	26756.00000
438.37906	26436.00000
438.44165	24864.00000
438.50424	25365.00000
438.56683	25254.00000
438.62941	25074.00000
438.69199	24561.00000
438.75456	24980.00000
438.81713	24532.00000
438.87969	23989.00000
438.94225	24389.00000
439.00481	24987.00000
439.06736	25252.00000
439.12991	24394.00000
439.19246	24646.00000
439.25500	24542.00000
439.31754	23284.00000
439.38007	23552.00000
439.44260	22820.00000
439.50512	21954.00000
439.56764	21869.00000
439.63016	22070.00000
439.69267	22147.00000
439.75518	21761.00000
439.81769	22290.00000
439.88019	22509.00000
439.94269	22642.00000
440.00518	22286.00000
440.06767	22612.00000
440.13015	22942.00000
440.19263	21453.00000
440.25511	22558.00000
440.31758	21237.00000
440.38005	21107.00000
440.44252	21245.00000
440.50498	20922.00000
440.56744	20211.00000
440.62989	20164.00000
440.69234	20482.00000
440.75478	20512.00000
440.81722	20279.00000
440.87966	20612.00000
440.94209	20352.00000
441.00452	21287.00000
441.06695	20302.00000
441.12937	20068.00000
441.19179	20452.00000
441.25420	19710.00000
441.31661	19792.00000
441.37901	19536.00000
441.44141	19504.00000
441.50381	19412.00000
441.56620	19398.00000
441.62859	19828.00000
441.69098	19572.00000
441.75336	19861.00000
441.81574	19362.00000
441.87811	19071.00000
441.94048	19796.00000
442.00284	19122.00000
442.06520	18775.00000
442.12756	18628.00000
442.18991	18736.00000
442.25226	18241.00000
442.31461	17879.00000
442.37695	18206.00000
442.43929	17857.00000
442.50162	17809.00000
442.56395	18512.00000
442.62627	17870.00000
442.68859	18290.00000
442.75091	18308.00000
442.81322	17750.00000
442.87553	18182.00000
442.93784	18258.00000
443.00014	17462.00000
443.06244	17618.00000
443.12473	17382.00000
443.18702	17106.00000
443.24930	17535.00000
443.31158	17051.00000
443.37386	16862.00000
443.43613	16432.00000
443.49840	17026.00000
443.56067	18353.00000
443.62293	16912.00000
443.68519	16706.00000
443.74744	17378.00000
443.80969	17362.00000
443.87193	17094.00000
443.93417	16720.00000
443.99641	16588.00000
444.05864	16547.00000
444.12087	16087.00000
444.18310	16722.00000
444.24532	16076.00000
444.30754	16388.00000
444.36975	16320.00000
444.43196	16645.00000
444.49416	16800.00000
444.55636	16698.00000
444.61856	15782.00000
444.68075	17068.00000
444.74294	16268.00000
444.80513	17258.00000
444.86731	16318.00000
444.92949	16510.00000
444.99166	16384.00000
445.05383	16214.00000
445.11599	16790.00000
445.17815	15655.00000
445.24031	15671.00000
445.30246	16062.00000
445.36461	15717.00000
445.42676	16567.00000
445.48890	15742.00000
445.55104	16242.00000
445.61317	16256.00000
445.67530	15845.00000
445.73742	16007.00000
445.79954	15299.00000
445.86166	16482.00000
445.92377	15494.00000
445.98588	15346.00000
446.04799	15286.00000
446.11009	15136.00000
446.17219	15364.00000
446.23428	15477.00000
446.29637	15442.00000
446.35845	15750.00000
446.42053	15680.00000
446.48261	16205.00000
446.54468	15651.00000
446.60675	15600.00000
446.66882	16470.00000
446.73088	15554.00000
446.79294	15567.00000
446.85499	15623.00000
446.91704	15572.00000
446.97908	15392.00000
447.04112	15191.00000
447.10316	15330.00000
447.16519	15286.00000
447.22722	15540.00000
447.28925	15328.00000
447.35127	15367.00000
447.41329	15378.00000
447.47530	15222.00000
447.53731	15399.00000
447.59931	15060.00000
447.66131	14998.00000
447.72331	14900.00000
447.78530	14624.00000
447.84729	14496.00000
447.90928	14884.00000
447.97126	14852.00000
448.03324	14775.00000
448.09521	14433.00000
448.15718	15554.00000
448.21914	15391.00000
448.28110	14832.00000
448.34306	15306.00000
448.40501	14832.00000
448.46696	14764.00000
448.52891	14518.00000
448.59085	14148.00000
448.65279	14780.00000
448.71472	14400.00000
448.77665	14487.00000
448.83857	14406.00000
448.90049	14594.00000
448.96241	14303.00000
449.02432	14086.00000
449.08623	14322.00000
449.14814	14322.00000
449.21004	14178.00000
449.27194	13974.00000
449.33383	13941.00000
449.39572	14060.00000
449.45760	13461.00000
449.51948	13404.00000
449.58136	13510.00000
449.64323	13440.00000
449.70510	13394.00000
449.76697	13894.00000
449.82883	13616.00000
449.89069	13170.00000
449.95254	13492.00000
450.01439	13540.00000
450.07623	13506.00000
450.13807	13388.00000
450.19991	13628.00000
450.26174	13458.00000
450.32357	12724.00000
450.38540	13010.00000
450.44722	13058.00000
450.50904	13052.00000
450.57085	12551.00000
450.63266	13056.00000
450.69446	12722.00000
450.75626	13010.00000
450.81806	14210.00000
450.87985	12800.00000
450.94164	12784.00000
451.00343	13157.00000
451.06521	12862.00000
451.12699	12722.00000
451.18876	12196.00000
451.25053	12581.00000
451.31229	11958.00000
451.37405	12386.00000
451.43581	11828.00000
451.49756	11746.00000
451.55931	11868.00000
451.62106	11650.00000
451.68280	12028.00000
451.74454	11888.00000
451.80627	11824.00000
451.86800	11921.00000
451.92972	11527.00000
451.99144	11874.00000
452.05316	11829.00000
452.11487	11344.00000
452.17658	11604.00000
452.23829	11374.00000
452.29999	11008.00000
452.36169	11058.00000
452.42338	10670.00000
452.48507	10704.00000
452.54675	10903.00000
452.60843	11250.00000
452.67011	10500.00000
452.73178	10610.00000
452.79345	10928.00000
452.85512	10832.00000
452.91678	10930.00000
452.97844	10726.00000
453.04009	10596.00000
453.10174	10240.00000
453.16338	10496.00000
453.22502	10144.00000
453.28666	10272.00000
453.34829	10034.00000
453.40992	10752.00000
453.47155	9601.00000
453.53317	9778.00000
453.59479	10038.00000
453.65640	9824.00000
453.71801	9840.00000
453.77961	9728.00000
453.84121	9666.00000
453.90281	9600.00000
453.96440	9508.00000
454.02599	9286.00000
454.08758	9088.00000
454.14916	8900.00000
454.21074	8606.00000
454.27231	9094.00000
454.33388	8532.00000
454.39544	8446.00000
454.45700	9028.00000
454.51856	8736.00000
454.58011	8702.00000
454.64166	8726.00000
454.70321	8610.00000
454.76475	8724.00000
454.82629	8340.00000
454.88782	8262.00000
454.94935	8102.00000
455.01087	8064.00000
455.07239	7710.00000
455.13391	7904.00000
455.19542	7809.00000
455.25693	8208.00000
455.31844	7646.00000
455.37994	7566.00000
455.44144	7792.00000
455.50293	8087.00000
455.56442	7370.00000
455.62590	7557.00000
455.68738	7172.00000
455.74886	7040.00000
455.81033	7178.00000
455.87180	7090.00000
455.93327	7076.00000
455.99473	6926.00000
456.05619	7028.00000
456.11764	6950.00000
456.17909	6676.00000
456.24053	7093.00000
456.30197	6704.00000
456.36341	6634.00000
456.42484	6866.00000
456.48627	6720.00000
456.54770	6965.00000
456.60912	6478.00000
456.67054	6384.00000
456.73195	6501.00000
456.79336	6583.00000
456.85476	6276.00000
456.91616	6375.00000
456.97756	6226.00000
457.03895	6001.00000
457.10034	5585.00000
457.16173	6064.00000
457.22311	6067.00000
457.28449	5892.00000
457.34586	6001.00000
457.40723	5842.00000
457.46859	6126.00000
457.52995	6696.00000
457.59131	6000.00000
457.65266	6130.00000
457.71401	5646.00000
457.77536	5941.00000
457.83670	5572.00000
457.89804	5216.00000
457.95937	5476.00000
458.02070	5399.00000
458.08202	5746.00000
458.14334	5802.00000
458.20466	5582.00000
458.26597	5714.00000
458.32728	5572.00000
458.38859	5486.00000
458.44989	5255.00000
458.51119	5009.00000
458.57248	5056.00000
458.63377	5048.00000
458.69505	5166.00000
458.75633	4894.00000
458.81761	4910.00000
458.87888	4942.00000
458.94015	5092.00000
459.00142	5010.00000
459.06268	5053.00000
459.12394	4866.00000
459.18519	4719.00000
459.24644	4944.00000
459.30768	4786.00000
459.36892	4660.00000
459.43016	5054.00000
459.49139	4749.00000
459.55262	4704.00000
459.61385	4542.00000
459.67507	4221.00000
459.73629	4512.00000
459.79750	4270.00000
459.85871	4494.00000
459.91991	4469.00000
459.98111	4440.00000
460.04231	4692.00000
460.10350	4466.00000
460.16469	4208.00000
460.22588	4384.00000
460.28706	4576.00000
460.34824	4217.00000
460.40941	4118.00000
460.47058	4084.00000
460.53174	4134.00000
460.59290	4093.00000
460.65406	3888.00000
460.71521	4223.00000
460.77636	3758.00000
460.83751	4152.00000
460.89865	4141.00000
460.95979	4214.00000
461.02092	3728.00000
461.08205	4102.00000
461.14317	4229.00000
461.20429	3688.00000
461.26541	3824.00000
461.32652	3880.00000
461.38763	3888.00000
461.44874	3839.00000
461.50984	3682.00000
461.57094	4160.00000
461.63203	4152.00000
461.69312	3888.00000
461.75420	3936.00000
461.81528	4034.00000
461.87636	3654.00000
461.93743	3590.00000
461.99850	3608.00000
462.05957	3798.00000
462.12063	3798.00000
462.18169	3741.00000
462.24274	3629.00000
462.30379	3554.00000
462.36483	3798.00000
462.42587	3544.00000
462.48691	3434.00000
462.54794	3620.00000
462.60897	3631.00000
462.67000	3550.00000
462.73102	3440.00000
462.79204	3113.00000
462.85305	3566.00000
462.91406	3584.00000
462.97506	3668.00000
463.03606	3218.00000
463.09706	3206.00000
463.15805	3231.00000
463.21904	3408.00000
463.28003	3424.00000
463.34101	3246.00000
463.40199	3255.00000
463.46296	3164.00000
463.52393	3396.00000
463.58489	3406.00000
463.64585	4544.00000
463.70681	3278.00000
463.76776	3249.00000
463.82871	3126.00000
463.88966	3168.00000
463.95060	3224.00000
464.01154	2943.00000
464.07247	2983.00000
464.13340	3114.00000
464.19432	3027.00000
464.25524	3332.00000
464.31616	3149.00000
464.37707	3265.00000
464.43798	3203.00000
464.49889	3170.00000
464.55979	3282.00000
464.62069	2817.00000
464.68158	1830.00000
464.74247	2693.00000
464.80335	3105.00000
464.86423	2846.00000
464.92511	2926.00000
464.98598	2868.00000
465.04685	3232.00000
465.10772	3261.00000
465.16858	3244.00000
465.22944	3106.00000
465.29029	2942.00000
465.35114	2802.00000
465.41198	2711.00000
465.47282	2893.00000
465.53366	2604.00000
465.59449	3090.00000
465.65532	2838.00000
465.71615	2716.00000
465.77697	2938.00000
465.83779	2882.00000
465.89860	2668.00000
465.95941	3105.00000
466.02021	2946.00000
466.08101	2509.00000
466.14181	2650.00000
466.20260	2758.00000
466.26339	2538.00000
466.32418	2582.00000
466.38496	2576.00000
466.44574	2722.00000
466.50651	2797.00000
466.56728	2476.00000
466.62804	2540.00000
466.68880	2836.00000
466.74956	2497.00000
466.81031	2578.00000
466.87106	2478.00000
466.93181	2549.00000
466.99255	2560.00000
467.05329	2583.00000
467.11402	2588.00000
467.17475	3158.00000
467.23547	2446.00000
467.29619	2321.00000
467.35691	2534.00000
467.41762	2706.00000
467.47833	2290.00000
467.53904	2466.00000
467.59974	2429.00000
467.66044	2550.00000
467.72113	2351.00000
467.78182	2284.00000
467.84250	2456.00000
467.90318	2198.00000
467.96386	2555.00000
468.02453	2592.00000
468.08520	2146.00000
468.14587	2128.00000
468.20653	2370.00000
468.26719	2205.00000
468.32784	2208.00000
468.38849	2270.00000
468.44913	2288.00000
468.50977	2146.00000
468.57041	2274.00000
468.63104	2203.00000
468.69167	2171.00000
468.75230	1993.00000
468.81292	2040.00000
468.87354	2476.00000
468.93415	2242.00000
468.99476	2129.00000
469.05536	2340.00000
469.11596	2237.00000
469.17656	2320.00000
469.23715	2050.00000
469.29774	2417.00000
469.35833	2242.00000
469.41891	2114.00000
469.47949	2290.00000
469.54006	2198.00000
469.60063	1984.00000
469.66119	2096.00000
469.72175	2080.00000
469.78231	1967.00000
469.84286	2149.00000
469.90341	1954.00000
469.96396	2014.00000
470.02450	2224.00000
470.08504	2038.00000
470.14557	2156.00000
470.20610	1986.00000
470.26662	1936.00000
470.32714	2086.00000
470.38766	2094.00000
470.44817	1870.00000
470.50868	1858.00000
470.56919	2098.00000
470.62969	1808.00000
470.69019	2032.00000
470.75068	1998.00000
470.81117	2139.00000
470.87165	1956.00000
470.93213	2176.00000
470.99261	1822.00000
471.05308	1893.00000
471.11355	1856.00000
471.17402	3174.00000
471.23448	1761.00000
471.29494	1698.00000
471.35539	1724.00000
471.41584	1808.00000
471.47628	1952.00000
471.53672	1776.00000
471.59716	1870.00000
471.65759	1856.00000
471.71802	1856.00000
471.77845	1584.00000
471.83887	1741.00000
471.89929	1841.00000
471.95970	1707.00000
472.02011	1648.00000
472.08051	1730.00000
472.14091	1568.00000
472.20131	1600.00000
472.26170	1548.00000
472.32209	1554.00000
472.38248	1778.00000
472.44286	1590.00000
472.50324	1586.00000
472.56361	1547.00000
472.62398	1662.00000
472.68434	1264.00000
472.74470	1564.00000
472.80506	1762.00000
472.86541	1550.00000
472.92576	1516.00000
472.98611	1539.00000
473.04645	1594.00000
473.10679	1542.00000
473.16712	1586.00000
473.22745	1385.00000
473.28777	1434.00000
473.34809	1774.00000
473.40841	1556.00000
473.46872	1258.00000
473.52903	1507.00000
473.58934	1280.00000
473.64964	1724.00000
473.70994	1317.00000
473.77023	1468.00000
473.83052	1566.00000
473.89080	1500.00000
473.95108	1523.00000
474.01136	1440.00000
474.07163	1537.00000
474.13190	1232.00000
474.19217	1231.00000
474.25243	1286.00000
474.31269	1212.00000
474.37294	1326.00000
474.43319	1500.00000
474.49343	1518.00000
474.55367	1392.00000
474.61391	1389.00000
474.67414	1396.00000
474.73437	1173.00000
474.79460	1327.00000
474.85482	1120.00000
474.91504	1467.00000
474.97525	1148.00000
475.03546	1136.00000
475.09566	1136.00000
475.15586	626.00000
475.21606	1326.00000
475.27625	1250.00000
475.33644	1115.00000
475.39663	1200.00000
475.45681	1232.00000
475.51699	1267.00000
475.57716	1248.00000
475.63733	1328.00000
475.69749	1109.00000
475.75765	1211.00000
475.81781	1081.00000
475.87796	1296.00000
475.93811	1098.00000
475.99826	1052.00000
476.05840	1072.00000
476.11854	2272.00000
476.17867	1136.00000
476.23880	1108.00000
476.29892	1190.00000
476.35904	1074.00000
476.41916	1145.00000
476.47927	889.00000
476.53938	1026.00000
476.59949	1172.00000
476.65959	899.00000
476.71969	1021.00000
476.77978	970.00000
476.83987	1054.00000
476.89995	1292.00000
476.96003	998.00000
477.02011	1071.00000
477.08018	974.00000
477.14025	1215.00000
477.20032	900.00000
477.26038	930.00000
477.32044	956.00000
477.38049	960.00000
477.44054	1124.00000
477.50058	921.00000
477.56062	925.00000
477.62066	1206.00000
477.68069	1152.00000
477.74072	720.00000
477.80075	994.00000
477.86077	1050.00000
477.92079	890.00000
477.98080	868.00000
478.04081	966.00000
478.10081	-80.00000
478.16081	896.00000
478.22081	886.00000
478.28080	671.00000
478.34079	746.00000
478.40078	1026.00000
478.46076	880.00000
478.52074	768.00000
478.58071	1006.00000
478.64068	850.00000
478.70064	1062.00000
478.76060	846.00000
478.82056	612.00000
478.88051	764.00000
478.94046	660.00000
479.00041	754.00000
479.06035	992.00000
479.12029	492.00000
479.18022	800.00000
479.24015	782.00000
479.30007	798.00000
479.35999	583.00000
479.41991	876.00000
479.47982	754.00000
479.53973	816.00000
479.59964	736.00000
479.65954	688.00000
479.71944	646.00000
479.77933	640.00000
479.83922	632.00000
479.89910	796.00000
479.95898	736.00000
480.01886	844.00000
480.07873	720.00000
480.13860	724.00000
480.19847	1012.00000
480.25833	852.00000
480.31819	658.00000
480.37804	706.00000
480.43789	688.00000
480.49773	578.00000
480.55757	752.00000
480.61741	640.00000
480.67724	474.00000
480.73707	660.00000
480.79690	734.00000
480.85672	669.00000
480.91654	840.00000
480.97635	650.00000
481.03616	800.00000
481.09596	786.00000
481.15576	796.00000
481.21556	618.00000
481.27535	650.00000
481.33514	480.00000
481.39493	628.00000
481.45471	370.00000
481.51449	-480.00000
481.57426	734.00000
481.63403	638.00000
481.69379	510.00000
481.75355	480.00000
481.81331	468.00000
481.87306	624.00000
481.93281	816.00000
481.99256	544.00000
482.05230	503.00000
482.11204	630.00000
482.17177	672.00000
482.23150	623.00000
482.29122	462.00000
482.35094	530.00000
482.41066	398.00000
482.47037	488.00000
482.53008	558.00000
482.58979	698.00000
482.64949	723.00000
482.70919	493.00000
482.76888	309.00000
482.82857	580.00000
482.88825	720.00000
482.94793	1474.00000
483.00761	512.00000
483.06728	685.00000
483.12695	792.00000
483.18662	542.00000
483.24628	350.00000
483.30594	672.00000
483.36559	655.00000
483.42524	470.00000
483.48488	765.00000
483.54452	404.00000
483.60416	512.00000
483.66379	624.00000
483.72342	464.00000
483.78305	646.00000
483.84267	242.00000
483.90229	303.00000
483.96190	287.00000
484.02151	545.00000
484.08111	514.00000
484.14071	579.00000
484.20031	575.00000
484.25990	594.00000
484.31949	390.00000
484.37908	400.00000
484.43866	277.00000
484.49824	640.00000
484.55781	336.00000
484.61738	468.00000
484.67694	416.00000
484.73650	450.00000
484.79606	150.00000
484.85561	608.00000
484.91516	626.00000
484.97471	400.00000
485.03425	466.00000
485.09379	364.00000
485.15332	453.00000
485.21285	400.00000
485.27237	667.00000
485.33189	350.00000
485.39141	559.00000
485.45092	320.00000
485.51043	302.00000
485.56994	478.00000
485.62944	402.00000
485.68894	426.00000
485.74843	240.00000
485.80792	418.00000
485.86740	518.00000
485.92688	364.00000
485.98636	80.00000
486.04583	412.00000
486.10530	422.00000
486.16477	508.00000
486.22423	390.00000
486.28369	402.00000
486.34314	644.00000
486.40259	146.00000
486.46203	386.00000
486.52147	290.00000
486.58091	194.00000
486.64034	558.00000
486.69977	493.00000
486.75920	348.00000
486.81862	-1013.00000
486.87804	534.00000
486.93745	476.00000
486.99686	266.00000
487.05626	498.00000
487.11566	430.00000
487.17506	547.00000
487.23445	610.00000
487.29384	-446.00000
487.35323	464.00000
487.41261	286.00000
487.47199	208.00000
487.53136	146.00000
487.59073	435.00000
487.65009	417.00000
487.70945	464.00000
487.76881	528.00000
487.82816	134.00000
487.88751	507.00000
487.94686	254.00000
488.00620	211.00000
488.06554	368.00000
488.12487	546.00000
488.18420	384.00000
488.24352	258.00000
488.30284	236.00000
488.36216	464.00000
488.42147	323.00000
488.48078	98.00000
488.54009	366.00000
488.59939	448.00000
488.65869	598.00000
488.71798	328.00000
488.77727	156.00000
488.83655	465.00000
488.89583	480.00000
488.95511	208.00000
489.01438	130.00000
489.07365	208.00000
489.13292	385.00000
489.19218	210.00000
489.25144	119.00000
489.31069	352.00000
489.36994	366.00000
489.42918	186.00000
489.48842	242.00000
489.54766	210.00000
489.60689	466.00000
489.66612	313.00000
489.72535	338.00000
489.78457	394.00000
489.84379	352.00000
489.90300	274.00000
489.96221	0.00000
490.02141	208.00000
490.08061	412.00000
490.13981	450.00000
490.19900	48.00000
490.25819	161.00000
490.31738	452.00000
490.37656	150.00000
490.43574	192.00000
490.49491	495.00000
490.55408	256.00000
490.61324	960.00000
490.67240	128.00000
490.73156	249.00000
490.79071	566.00000
490.84986	382.00000
490.90901	136.00000
490.96815	158.00000
491.02729	220.00000
491.08642	1335.00000
491.14555	226.00000
491.20467	50.00000
491.26379	546.00000
491.32291	240.00000
491.38202	168.00000
491.44113	346.00000
491.50024	96.00000
491.55934	1838.00000
491.61844	226.00000
491.67753	318.00000
491.73662	384.00000
491.79570	242.00000
491.85478	270.00000
491.91386	194.00000
491.97293	230.00000
492.03200	1330.00000
492.09107	44.00000
492.15013	66.00000
492.20919	288.00000
492.26824	354.00000
492.32729	87.00000
492.38633	224.00000
492.44537	316.00000
492.50441	1150.00000
492.56344	264.00000
492.62247	236.00000
492.68150	512.00000
492.74052	455.00000
492.79954	224.00000
492.85855	279.00000
492.91756	222.00000
492.97656	1292.00000
493.03556	28.00000
493.09456	252.00000
493.15355	498.00000
493.21254	154.00000
493.27153	112.00000
493.33051	54.00000
493.38949	190.00000
493.44846	1520.00000
493.50743	114.00000
493.56639	224.00000
493.62535	304.00000
493.68431	176.00000
493.74326	384.00000
493.80221	133.00000
493.86116	-34.00000
493.92010	1552.00000
493.97904	1.00000
494.03797	228.00000
494.09690	352.00000
494.15582	295.00000
494.21474	378.00000
494.27366	208.00000
494.33257	144.00000
494.39148	1621.00000
494.45039	256.00000
494.50929	289.00000
494.56819	272.00000
494.62708	290.00000
494.68597	368.00000
494.74485	96.00000
494.80373	101.00000
494.86261	1412.00000
494.92148	64.00000
494.98035	469.00000
495.03922	356.00000
495.09808	418.00000
495.15694	288.00000
495.21579	117.00000
495.27464	192.00000
495.33348	1246.00000
495.39232	103.00000
495.45116	256.00000
495.50999	324.00000
495.56882	58.00000
495.62765	176.00000
495.68647	212.00000
495.74529	150.00000
495.80410	864.00000
495.86291	62.00000
495.92171	263.00000
495.98051	402.00000
496.03931	-9.00000
496.09810	160.00000
496.15689	84.00000
496.21568	174.00000
496.27446	446.00000
496.33324	258.00000
496.39201	240.00000
496.45078	369.00000
496.50954	286.00000
496.56830	227.00000
496.62706	181.00000
496.68581	270.00000
496.74456	182.00000
496.80331	68.00000
496.86205	325.00000
496.92079	222.00000
496.97952	110.00000
497.03825	159.00000
497.09697	276.00000
497.15569	258.00000
497.21441	326.00000
497.27312	306.00000
497.33183	362.00000
497.39054	32.00000
497.44924	109.00000
497.50794	182.00000
497.56663	334.00000
497.62532	270.00000
497.68400	323.00000
497.74268	77.00000
497.80136	240.00000
497.86003	58.00000
497.91870	218.00000
497.97737	206.00000
498.03603	-2.00000
498.09469	132.00000
498.15334	-94.00000
498.21199	-34.00000
498.27063	224.00000
498.32927	-26.00000
498.38791	238.00000
498.44654	286.00000
498.50517	304.00000
498.56380	306.00000
498.62242	-1058.00000
498.68104	222.00000
498.73965	138.00000
498.79826	96.00000
498.85686	142.00000
498.91546	259.00000
498.97406	190.00000
499.03265	222.00000
499.09124	-514.00000
499.14983	209.00000
499.20841	242.00000
499.26699	148.00000
499.32556	94.00000
499.38413	329.00000
499.44269	299.00000
499.50125	390.00000
499.55981	340.00000
499.61836	34.00000
499.67691	-30.00000
499.73546	-42.00000
499.79400	110.00000
499.85254	222.00000
499.91107	382.00000
499.96960	206.00000
500.02812	322.00000
500.08664	242.00000
500.14516	78.00000
500.20367	84.00000
500.26218	80.00000
500.32069	268.00000
500.37919	506.00000
500.43769	221.00000
500.49618	573.00000
500.55467	238.00000
500.61315	254.00000
500.67163	202.00000
500.73011	304.00000
500.78858	170.00000
500.84705	108.00000
500.90552	88.00000
500.96398	32.00000
501.02244	254.00000
501.08089	234.00000
501.13934	232.00000
501.19778	287.00000
501.25622	218.00000
501.31466	390.00000
501.37309	160.00000
501.43152	-66.00000
501.48995	120.00000
501.54837	53.00000
501.60679	304.00000
501.66520	334.00000
501.72361	409.00000
501.78201	145.00000
501.84041	289.00000
501.89881	276.00000
501.95720	54.00000
502.01559	180.00000
502.07398	280.00000
502.13236	134.00000
502.19074	47.00000
502.24911	32.00000
502.30748	1208.00000
502.36584	7.00000
502.42420	269.00000
502.48256	432.00000
502.54091	108.00000
502.59926	51.00000
502.65761	270.00000
502.71595	161.00000
502.77429	281.00000
502.83262	110.00000
502.89095	125.00000
502.94927	154.00000
503.00759	430.00000
503.06591	321.00000
503.12422	144.00000
503.18253	36.00000
503.24084	4.00000
503.29914	-108.00000
503.35744	272.00000
503.41573	224.00000
503.47402	276.00000
503.53230	65.00000
503.59058	196.00000
503.64886	68.00000
503.70713	288.00000
503.76540	159.00000
503.82367	102.00000
503.88193	366.00000
503.94019	298.00000
503.99844	86.00000
504.05669	25.00000
504.11493	270.00000
504.17317	-634.00000
504.23141	138.00000
504.28964	358.00000
504.34787	214.00000
504.40610	196.00000
504.46432	240.00000
504.52254	167.00000
504.58075	150.00000
504.63896	656.00000
504.69716	62.00000
504.75536	262.00000
504.81356	144.00000
504.87175	34.00000
504.92994	280.00000
504.98813	130.00000
505.04631	210.00000
505.10449	-128.00000
505.16266	-72.00000
505.22083	98.00000
505.27899	70.00000
505.33715	102.00000
505.39531	130.00000
505.45346	234.00000
505.51161	192.00000
505.56976	76.00000
505.62790	106.00000
505.68604	-18.00000
505.74417	128.00000
505.80230	272.00000
505.86042	174.00000
505.91854	-94.00000
505.97666	1290.00000
506.03477	-224.00000
506.09288	188.00000
506.15099	10.00000
506.20909	196.00000
506.26719	88.00000
506.32528	202.00000
506.38337	-34.00000
506.44145	-128.00000
506.49953	100.00000
506.55761	288.00000
506.61568	102.00000
506.67375	-112.00000
506.73182	34.00000
506.78988	0.00000
506.84794	60.00000
506.90599	86.00000
506.96404	192.00000
507.02208	254.00000
507.08012	34.00000
507.13816	-102.00000
507.19619	166.00000
507.25422	158.00000
507.31225	112.00000
507.37027	294.00000
507.42829	332.00000
507.48630	112.00000
507.54431	85.00000
507.60231	112.00000
507.66031	270.00000
507.71831	288.00000
507.77630	226.00000
507.83429	44.00000
507.89228	128.00000
507.95026	94.00000
508.00824	64.00000
508.06621	48.00000
508.12418	176.00000
508.18214	502.00000
508.24010	176.00000
508.29806	128.00000
508.35601	0.00000
508.41396	58.00000
508.47191	66.00000
508.52985	174.00000
508.58779	-126.00000
508.64572	290.00000
508.70365	274.00000
508.76157	2.00000
508.81949	-32.00000
508.87741	50.00000
508.93532	135.00000
508.99323	278.00000
509.05114	-236.00000
509.10904	94.00000
509.16694	61.00000
509.22483	304.00000
509.28272	144.00000
509.34060	194.00000
509.39848	127.00000
509.45636	194.00000
509.51423	70.00000
509.57210	164.00000
509.62997	357.00000
509.68783	82.00000
509.74569	70.00000
509.80354	64.00000
509.86139	176.00000
509.91923	-64.00000
509.97707	208.00000
510.03491	210.00000
510.09274	64.00000
510.15057	132.00000
510.20840	124.00000
510.26622	102.00000
510.32404	804.00000
510.38185	236.00000
510.43966	236.00000
510.49746	190.00000
510.55526	392.00000
510.61306	80.00000
510.67085	160.00000
510.72864	124.00000
510.78643	86.00000
510.84421	-94.00000
510.90199	58.00000
510.95976	511.00000
511.01753	86.00000
511.07529	74.00000
511.13305	68.00000
511.19081	206.00000
511.24856	288.00000
511.30631	-6.00000
511.36406	382.00000
511.42180	326.00000
511.47954	-138.00000
511.53727	47.00000
511.59500	94.00000
511.65272	52.00000
511.71044	480.00000
511.76816	22.00000
511.82587	194.00000
511.88358	16.00000
511.94129	-105.00000
511.99899	160.00000
512.05669	198.00000
512.11438	278.00000
512.17207	10.00000
512.22975	70.00000
512.28743	128.00000
512.34511	-44.00000
512.40278	162.00000
512.46045	16.00000
512.51812	370.00000
512.57578	226.00000
512.63344	166.00000
512.69109	70.00000
512.74874	166.00000
512.80638	236.00000
512.86402	86.00000
512.92166	48.00000
512.97929	16.00000
513.03692	-102.00000
513.09455	334.00000
513.15217	206.00000
513.20979	161.00000
513.26740	160.00000
513.32501	128.00000
513.38261	178.00000
513.44021	88.00000
513.49781	318.00000
513.55540	112.00000
513.61299	-60.00000
513.67058	34.00000
513.72816	304.00000
513.78574	202.00000
513.84331	30.00000
513.90088	21.00000
513.95844	321.00000
514.01600	64.00000
514.07356	-47.00000
514.13111	-3.00000
514.18866	190.00000
514.24621	128.00000
514.30375	58.00000
514.36129	208.00000
514.41882	149.00000
514.47635	64.00000
514.53387	228.00000
514.59139	194.00000
514.64891	240.00000
514.70642	96.00000
514.76393	238.00000
514.82144	244.00000
514.87894	0.00000
514.93644	48.00000
514.99393	-48.00000
515.05142	-16.00000
515.10890	144.00000
515.16638	95.00000
515.22386	64.00000
515.28133	272.00000
515.33880	78.00000
515.39627	109.00000
515.45373	368.00000
515.51119	214.00000
515.56864	-22.00000
515.62609	160.00000
515.68353	158.00000
515.74097	2.00000
515.79841	192.00000
515.85584	-12.00000
515.91327	176.00000
515.97070	226.00000
516.02812	70.00000
516.08554	222.00000
516.14295	206.00000
516.20036	254.00000
516.25776	-162.00000
516.31516	1264.00000
516.37256	-61.00000
516.42995	110.00000
516.48734	170.00000
516.54473	30.00000
516.60211	157.00000
516.65949	178.00000
516.71686	2.00000
516.77423	314.00000
516.83159	-50.00000
516.88895	146.00000
516.94631	78.00000
517.00366	66.00000
517.06101	350.00000
517.11836	99.00000
517.17570	128.00000
517.23304	-263.00000
517.29037	-61.00000
517.34770	303.00000
517.40502	100.00000
517.46234	4.00000
517.51966	149.00000
517.57697	112.00000
517.63428	206.00000
517.69159	238.00000
517.74889	124.00000
517.80619	31.00000
517.86348	250.00000
517.92077	158.00000
517.97805	420.00000
518.03533	260.00000
518.09261	62.00000
518.14988	130.00000
518.20715	249.00000
518.26442	20.00000
518.32168	320.00000
518.37894	342.00000
518.43619	127.00000
518.49344	-205.00000
518.55068	-25.00000
518.60792	142.00000
518.66516	93.00000
518.72239	336.00000
518.77962	134.00000
518.83685	100.00000
518.89407	-30.00000
518.95129	10.00000
519.00850	-1554.00000
519.06571	256.00000
519.12291	142.00000
519.18011	396.00000
519.23731	116.00000
519.29450	126.00000
519.35169	78.00000
519.40888	284.00000
519.46606	208.00000
519.52324	70.00000
519.58041	34.00000
519.63758	258.00000
519.69474	94.00000
519.75190	210.00000
519.80906	141.00000
519.86621	290.00000
519.92336	16.00000
519.98051	94.00000
520.03765	272.00000
520.09479	-236.00000
520.15192	296.00000
520.20905	170.00000
520.26617	30.00000
520.32329	222.00000
520.38041	74.00000
520.43752	29.00000
520.49463	82.00000
520.55174	67.00000
520.60884	137.00000
520.66594	239.00000
520.72303	292.00000
520.78012	262.00000
520.83720	186.00000
520.89428	202.00000
520.95136	-86.00000
521.00843	-51.00000
521.06550	8.00000
521.12257	58.00000
521.17963	248.00000
521.23669	208.00000
521.29374	265.00000
521.35079	3.00000
521.40783	108.00000
521.46487	94.00000
521.52191	365.00000
521.57894	366.00000
521.63597	29.00000
521.69300	216.00000
521.75002	74.00000
521.80704	16.00000
521.86405	-114.00000
521.92106	426.00000
521.97806	26.00000
522.03506	146.00000
522.09206	191.00000
522.14905	266.00000
522.20604	57.00000
522.26303	164.00000
522.32001	169.00000
522.37699	216.00000
522.43396	-96.00000
522.49093	176.00000
522.54789	57.00000
522.60485	38.00000
522.66181	96.00000
522.71876	360.00000
522.77571	-9.00000
522.83266	22.00000
522.88960	195.00000
522.94654	-128.00000
523.00347	91.00000
523.06040	189.00000
523.11732	202.00000
523.17424	153.00000
523.23116	1055.00000
523.28807	-112.00000
523.34498	50.00000
523.40189	129.00000
523.45879	195.00000
523.51569	31.00000
523.57258	-30.00000
523.62947	93.00000
523.68635	76.00000
523.74323	32.00000
523.80011	153.00000
523.85698	88.00000
523.91385	72.00000
523.97072	9.00000
524.02758	32.00000
524.08444	216.00000
524.14129	-186.00000
524.19814	64.00000
524.25498	49.00000
524.31182	114.00000
524.36866	51.00000
524.42549	162.00000
524.48232	70.00000
524.53915	22.00000
524.59597	271.00000
524.65279	194.00000
524.70960	-7.00000
524.76641	53.00000
524.82321	92.00000
524.88001	306.00000
524.93681	192.00000
524.99360	-67.00000
525.05039	162.00000
525.10718	216.00000
525.16396	208.00000
525.22074	-1471.00000
525.27751	-97.00000
525.33428	140.00000
525.39104	-31.00000
525.44780	82.00000
525.50456	-50.00000
525.56131	209.00000
525.61806	70.00000
525.67481	40.00000
525.73155	-62.00000
525.78829	304.00000
525.84502	112.00000
525.90175	198.00000
525.95847	112.00000
526.01519	-30.00000
526.07191	-218.00000
526.12862	-110.00000
526.18533	86.00000
526.24204	144.00000
526.29874	16.00000
526.35544	226.00000
526.41213	34.00000
526.46882	146.00000
526.52550	64.00000
526.58218	71.00000
526.63886	305.00000
526.69553	22.00000
526.75220	260.00000
526.80887	1.00000
526.86553	246.00000
526.92219	118.00000
526.97884	-47.00000
527.03549	34.00000
527.09213	106.00000
527.14877	63.00000
527.20541	146.00000
527.26204	146.00000
527.31867	178.00000
527.37530	43.00000
527.43192	16.00000
527.48854	238.00000
527.54515	99.00000
527.60176	-48.00000
527.65836	32.00000
527.71496	224.00000
527.77156	17.00000
527.82815	182.00000
527.88474	63.00000
527.94133	-1534.00000
527.99791	16.00000
528.05449	242.00000
528.11106	78.00000
528.16763	342.00000
528.22419	10.00000
528.28075	128.00000
528.33731	50.00000
528.39386	375.00000
528.45041	50.00000
528.50696	330.00000
528.56350	0.00000
528.62004	-128.00000
528.67657	82.00000
528.73310	51.00000
528.78962	-30.00000
528.84614	90.00000
528.90266	139.00000
528.95917	-103.00000
529.01568	178.00000
529.07219	204.00000
529.12869	-29.00000
529.18519	214.00000
529.24168	1522.00000
529.29817	-120.00000
529.35465	31.00000
529.41113	110.00000
529.46761	238.00000
529.52408	99.00000
529.58055	82.00000
529.63702	-126.00000
529.69348	299.00000
529.74994	-35.00000
529.80639	258.00000
529.86284	16.00000
529.91928	-213.00000
529.97572	94.00000
530.03216	96.00000
530.08859	178.00000
530.14502	-753.00000
530.20145	-102.00000
530.25787	106.00000
530.31429	-81.00000
530.37070	43.00000
530.42711	130.00000
530.48351	126.00000
530.53991	82.00000
530.59631	306.00000
530.65270	138.00000
530.70909	48.00000
530.76548	-162.00000
530.82186	-16.00000
530.87824	172.00000
530.93461	206.00000
530.99098	-2.00000
531.04734	378.00000
531.10370	-270.00000
531.16006	-5.00000
531.21641	78.00000
531.27276	98.00000
531.32911	230.00000
531.38545	314.00000
531.44179	-4.00000
531.49812	-21.00000
531.55445	-46.00000
531.61077	-70.00000
531.66709	-218.00000
531.72341	18.00000
531.77972	0.00000
531.83603	-98.00000
531.89234	-164.00000
531.94864	50.00000
532.00494	111.00000
532.06123	242.00000
532.11752	98.00000
532.17380	15.00000
532.23008	-80.00000
532.28636	242.00000
532.34263	38.00000
532.39890	-57.00000
532.45517	116.00000
532.51143	-13.00000
532.56769	126.00000
532.62394	83.00000
532.68019	48.00000
532.73643	114.00000
532.79267	46.00000
532.84891	4.00000
532.90514	-1524.00000
532.96137	116.00000
533.01760	226.00000
533.07382	226.00000
533.13004	-34.00000
533.18625	16.00000
533.24246	97.00000
533.29866	144.00000
533.35486	97.00000
533.41106	331.00000
533.46725	64.00000
533.52344	-54.00000
533.57963	112.00000
533.63581	64.00000
533.69199	17.00000
533.74816	72.00000
533.80433	240.00000
533.86049	176.00000
533.91665	763.00000
533.97281	-10.00000
534.02896	61.00000
534.08511	320.00000
534.14126	0.00000
534.19740	-107.00000
534.25354	64.00000
534.30967	64.00000
534.36580	382.00000
534.42192	-65.00000
534.47804	-34.00000
534.53416	-27.00000
534.59027	-14.00000
534.64638	27.00000
534.70249	132.00000
534.75859	270.00000
534.81469	112.00000
534.87078	35.00000
534.92687	162.00000
534.98295	30.00000
535.03903	90.00000
535.09511	212.00000
535.15118	178.00000
535.20725	82.00000
535.26332	50.00000
535.31938	134.00000
535.37544	-158.00000
535.43149	444.00000
535.48754	251.00000
535.54358	178.00000
535.59962	212.00000
535.65566	64.00000
535.71169	-1156.00000
535.76772	-48.00000
535.82375	226.00000
535.87977	294.00000
535.93579	64.00000
535.99180	-114.00000
536.04781	42.00000
536.10381	331.00000
536.15981	786.00000
536.21581	286.00000
536.27180	-6.00000
536.32779	62.00000
536.38378	192.00000
536.43976	210.00000
536.49574	90.00000
536.55171	14.00000
536.60768	128.00000
536.66364	-50.00000
536.71960	158.00000
536.77556	159.00000
536.83151	164.00000
536.88746	178.00000
536.94341	32.00000
536.99935	270.00000
537.05529	-142.00000
537.11122	62.00000
537.16715	160.00000
537.22307	281.00000
537.27899	242.00000
537.33491	48.00000
537.39082	162.00000
537.44673	150.00000
537.50264	174.00000
537.55854	23.00000
537.61444	384.00000
537.67033	142.00000
537.72622	270.00000
537.78210	80.00000
537.83798	16.00000
537.89386	62.00000
537.94973	108.00000
538.00560	194.00000
538.06147	64.00000
538.11733	-326.00000
538.17319	-112.00000
538.22904	84.00000
538.28489	-176.00000
538.34073	-16.00000
538.39657	28.00000
538.45241	288.00000
538.50824	72.00000
538.56407	-98.00000
538.61990	-112.00000
538.67572	176.00000
538.73154	94.00000
538.78735	4.00000
538.84316	254.00000
538.89896	90.00000
538.95476	206.00000
539.01056	178.00000
539.06635	31.00000
539.12214	136.00000
539.17793	-23.00000
539.23371	-26.00000
539.28949	212.00000
539.34526	46.00000
539.40103	-28.00000
539.45679	250.00000
539.51255	318.00000
539.56831	348.00000
539.62406	192.00000
539.67981	205.00000
539.73556	96.00000
539.79130	100.00000
539.84704	146.00000
539.90277	178.00000
539.95850	-94.00000
540.01422	-162.00000
540.06994	148.00000
540.12566	252.00000
540.18137	112.00000
540.23708	20.00000
540.29279	18.00000
540.34849	98.00000
540.40419	360.00000
540.45988	-98.00000
540.51557	77.00000
540.57125	220.00000
540.62693	306.00000
540.68261	82.00000
540.73828	224.00000
540.79395	172.00000
540.84962	396.00000
540.90528	-18.00000
540.96094	182.00000
541.01659	416.00000
541.07224	-45.00000
541.12788	47.00000
541.18352	46.00000
541.23916	70.00000
541.29479	-82.00000
541.35042	10.00000
541.40605	368.00000
541.46167	370.00000
541.51729	320.00000
541.57290	134.00000
541.62851	109.00000
541.68411	142.00000
541.73971	150.00000
541.79531	18.00000
541.85090	-160.00000
541.90649	224.00000
541.96208	-156.00000
542.01766	160.00000
542.07324	319.00000
542.12881	194.00000
542.18438	205.00000
542.23994	125.00000
542.29550	211.00000
542.35106	50.00000
542.40661	153.00000
542.46216	32.00000
542.51771	54.00000
542.57325	489.00000
542.62879	-3.00000
542.68432	143.00000
542.73985	194.00000
542.79537	91.00000
542.85089	166.00000
542.90641	178.00000
542.96192	-31.00000
543.01743	499.00000
543.07294	146.00000
543.12844	77.00000
543.18394	398.00000
543.23943	160.00000
543.29492	100.00000
543.35040	28.00000
543.40588	205.00000
543.46136	623.00000
543.51683	78.00000
543.57230	256.00000
543.62777	125.00000
543.68323	43.00000
543.73869	31.00000
543.79414	48.00000
543.84959	-65.00000
543.90503	1233.00000
543.96047	141.00000
544.01591	33.00000
544.07134	1.00000
544.12677	28.00000
544.18220	64.00000
544.23762	160.00000
544.29304	112.00000
544.34845	-154.00000
544.40386	-46.00000
544.45926	16.00000
544.51466	96.00000
544.57006	386.00000
544.62545	258.00000
544.68084	34.00000
544.73623	162.00000
544.79161	198.00000
544.84699	-146.00000
544.90236	-130.00000
544.95773	32.00000
545.01309	-32.00000
545.06845	90.00000
545.12381	-24.00000
545.17916	50.00000
545.23451	177.00000
545.28986	110.00000
545.34520	85.00000
545.40054	112.00000
545.45587	166.00000
545.51120	118.00000
545.56652	114.00000
545.62184	98.00000
545.67716	64.00000
545.73247	22.00000
545.78778	244.00000
545.84309	146.00000
545.89839	130.00000
545.95369	-46.00000
546.00898	226.00000
546.06427	-10.00000
546.11955	192.00000
546.17483	54.00000
546.23011	214.00000
546.28538	-32.00000
546.34065	88.00000
546.39592	44.00000
546.45118	306.00000
546.50644	-74.00000
546.56169	32.00000
546.61694	-74.00000
546.67218	70.00000
546.72742	-37.00000
546.78266	-46.00000
546.83789	-96.00000
546.89312	342.00000
546.94835	186.00000
547.00357	273.00000
547.05879	34.00000
547.11400	96.00000
547.16921	-46.00000
547.22441	130.00000
547.27961	0.00000
547.33481	12.00000
547.39000	-94.00000
547.44519	-5.00000
547.50038	-212.00000
547.55556	190.00000
547.61074	142.00000
547.66591	47.00000
547.72108	218.00000
547.77624	80.00000
547.83140	74.00000
547.88656	-68.00000
547.94171	0.00000
547.99686	-64.00000
548.05201	162.00000
548.10715	46.00000
548.16229	130.00000
548.21742	30.00000
548.27255	16.00000
548.32767	-30.00000
548.38279	66.00000
548.43791	92.00000
548.49302	187.00000
548.54813	258.00000
548.60324	76.00000
548.65834	-2.00000
548.71344	43.00000
548.76853	302.00000
548.82362	320.00000
548.87870	186.00000
548.93378	210.00000
548.98886	102.00000
549.04393	256.00000
549.09900	-32.00000
549.15407	58.00000
549.20913	76.00000
549.26419	-10.00000
549.31924	-114.00000
549.37429	28.00000
549.42933	336.00000
549.48437	230.00000
549.53941	82.00000
549.59444	-300.00000
549.64947	114.00000
549.70450	34.00000
549.75952	146.00000
549.81454	-103.00000
549.86955	288.00000
549.92456	314.00000
549.97956	-30.00000
550.03456	-52.00000
550.08956	205.00000
550.14455	178.00000
550.19954	208.00000
550.25453	98.00000
550.30951	70.00000
550.36449	114.00000
550.41946	146.00000
550.47443	4.00000
550.52939	-78.00000
550.58435	-48.00000
550.63931	62.00000
550.69426	94.00000
550.74921	2.00000
550.80416	187.00000
550.85910	390.00000
550.91404	178.00000
550.96897	32.00000
551.02390	52.00000
551.07882	80.00000
551.13374	220.00000
551.18866	188.00000
551.24357	-112.00000
551.29848	28.00000
551.35339	158.00000
551.40829	242.00000
551.46319	-220.00000
551.51808	130.00000
551.57297	80.00000
551.62785	156.00000
551.68273	64.00000
551.73761	45.00000
551.79248	-188.00000
551.84735	-38.00000
551.90222	-112.00000
551.95708	350.00000
552.01194	112.00000
552.06679	144.00000
552.12164	103.00000
552.17648	4.00000
552.23132	-86.00000
552.28616	112.00000
552.34099	-76.00000
552.39582	-16.00000
552.45065	62.00000
552.50547	-48.00000
552.56029	48.00000
552.61510	-96.00000
552.66991	-2.00000
552.72471	48.00000
552.77951	110.00000
552.83431	214.00000
552.88910	245.00000
552.94389	-112.00000
552.99868	85.00000
553.05346	0.00000
553.10824	-5.00000
553.16301	-80.00000
553.21778	122.00000
553.27254	55.00000
553.32730	-98.00000
553.38206	64.00000
553.43681	22.00000
553.49156	94.00000
553.54631	135.00000
553.60105	720.00000
553.65579	140.00000
553.71052	28.00000
553.76525	49.00000
553.81997	16.00000
553.87469	239.00000
553.92941	228.00000
553.98412	-66.00000
554.03883	-208.00000
554.09354	131.00000
554.14824	254.00000
554.20294	226.00000
554.25763	219.00000
554.31232	-50.00000
554.36700	144.00000
554.42168	118.00000
554.47636	145.00000
554.53103	102.00000
554.58570	391.00000
554.64037	36.00000
554.69503	-2.00000
554.74969	209.00000
554.80434	160.00000
554.85899	191.00000
554.91363	67.00000
554.96827	224.00000
555.02291	79.00000
555.07754	142.00000
555.13217	61.00000
555.18680	174.00000
555.24142	166.00000
555.29604	-82.00000
555.35065	-82.00000
555.40526	15.00000
555.45986	190.00000
555.51446	0.00000
555.56906	99.00000
555.62365	240.00000
555.67824	290.00000
555.73283	-64.00000
555.78741	153.00000
555.84199	-25.00000
555.89656	338.00000
555.95113	160.00000
556.00569	126.00000
556.06025	117.00000
556.11481	142.00000
556.16936	47.00000
556.22391	78.00000
556.27846	148.00000
556.33300	258.00000
556.38754	-50.00000
556.44207	78.00000
556.49660	62.00000
556.55112	-34.00000
556.60564	110.00000
556.66016	128.00000
556.71467	78.00000
556.76918	174.00000
556.82369	158.00000
556.87819	142.00000
556.93269	258.00000
556.98718	46.00000
557.04167	206.00000
557.09615	215.00000
557.15063	38.00000
557.20511	-114.00000
557.25958	318.00000
557.31405	67.00000
557.36852	304.00000
557.42298	-50.00000
557.47744	-11.00000
557.53189	174.00000
557.58634	41.00000
557.64078	142.00000
557.69522	116.00000
557.74966	94.00000
557.80409	176.00000
557.85852	228.00000
557.91295	130.00000
557.96737	66.00000
558.02179	148.00000
558.07620	256.00000
558.13061	302.00000
558.18501	-134.00000
558.23941	44.00000
558.29381	74.00000
558.34820	146.00000
558.40259	174.00000
558.45698	148.00000
558.51136	-63.00000
558.56574	-64.00000
558.62011	6.00000
558.67448	70.00000
558.72884	-193.00000
558.78320	50.00000
558.83756	338.00000
558.89191	-6.00000
558.94626	-96.00000
559.00061	192.00000
559.05495	174.00000
559.10929	6.00000
559.16362	129.00000
559.21795	225.00000
559.27227	48.00000
559.32659	80.00000
559.38091	4.00000
559.43522	110.00000
559.48953	120.00000
559.54384	131.00000
559.59814	188.00000
559.65244	-98.00000
559.70673	-61.00000
559.76102	99.00000
559.81530	80.00000
559.86958	20.00000
559.92386	210.00000
559.97813	94.00000
560.03240	144.00000
560.08667	-3.00000
560.14093	-32.00000
560.19519	173.00000
560.24944	165.00000
560.30369	97.00000
560.35793	101.00000
560.41217	42.00000
560.46641	48.00000
560.52064	242.00000
560.57487	182.00000
560.62910	68.00000
560.68332	212.00000
560.73754	-34.00000
560.79175	294.00000
560.84596	50.00000
560.90016	-21.00000
560.95436	82.00000
561.00856	99.00000
561.06275	62.00000
561.11694	12.00000
561.17113	363.00000
561.22531	215.00000
561.27949	126.00000
561.33366	248.00000
561.38783	89.00000
561.44199	168.00000
561.49615	-238.00000
561.55031	208.00000
561.60446	614.00000
561.65861	-161.00000
561.71276	174.00000
561.76690	246.00000
561.82104	339.00000
561.87517	-60.00000
561.92930	32.00000
561.98342	124.00000
562.03754	500.00000
562.09166	20.00000
562.14577	-48.00000
562.19988	230.00000
562.25399	102.00000
562.30809	86.00000
562.36219	-16.00000
562.41628	78.00000
562.47037	38.00000
562.52445	132.00000
562.57853	207.00000
562.63261	131.00000
562.68668	-36.00000
562.74075	-66.00000
562.79482	112.00000
562.84888	81.00000
562.90294	128.00000
562.95699	50.00000
563.01104	76.00000
563.06508	18.00000
563.11912	262.00000
563.17316	32.00000
563.22719	36.00000
563.28122	-56.00000
563.33525	200.00000
563.38927	-28.00000
563.44329	82.00000
563.49730	80.00000
563.55131	96.00000
563.60531	274.00000
563.65931	140.00000
563.71331	2.00000
563.76730	80.00000
563.82129	160.00000
563.87528	202.00000
563.92926	34.00000
563.98324	170.00000
564.03721	-8.00000
564.09118	-66.00000
564.14514	122.00000
564.19910	16.00000
564.25306	124.00000
564.30701	128.00000
564.36096	116.00000
564.41491	35.00000
564.46885	-126.00000
564.52279	196.00000
564.57672	336.00000
564.63065	-96.00000
564.68457	-48.00000
564.73849	260.00000
564.79241	152.00000
564.84632	32.00000
564.90023	140.00000
564.95414	144.00000
565.00804	144.00000
565.06194	286.00000
565.11583	204.00000
565.16972	166.00000
565.22360	-96.00000
565.27748	34.00000
565.33136	288.00000
565.38523	-114.00000
565.43910	-148.00000
565.49297	210.00000
565.54683	320.00000
565.60069	-43.00000
565.65454	68.00000
565.70839	-32.00000
565.76223	82.00000
565.81607	192.00000
565.86991	-20.00000
565.92374	336.00000
565.97757	240.00000
566.03140	-16.00000
566.08522	74.00000
566.13904	352.00000
566.19285	-6.00000
566.24666	165.00000
566.30046	198.00000
566.35426	253.00000
566.40806	80.00000
566.46185	48.00000
566.51564	114.00000
566.56943	191.00000
566.62321	310.00000
566.67699	190.00000
566.73076	290.00000
566.78453	-48.00000
566.83829	32.00000
566.89205	18.00000
566.94581	-32.00000
566.99956	163.00000
567.05331	288.00000
567.10706	68.00000
567.16080	64.00000
567.21454	70.00000
567.26827	48.00000
567.32200	282.00000
567.37572	294.00000
567.42944	-82.00000
567.48316	68.00000
567.53687	174.00000
567.59058	-80.00000
567.64429	266.00000
567.69799	14.00000
567.75169	58.00000
567.80538	210.00000
567.85907	80.00000
567.91275	160.00000
567.96643	96.00000
568.02011	-96.00000
568.07378	142.00000
568.12745	138.00000
568.18112	272.00000
568.23478	48.00000
568.28844	0.00000
568.34209	90.00000
568.39574	-218.00000
568.44938	8.00000
568.50302	240.00000
568.55666	-26.00000
568.61029	268.00000
568.66392	16.00000
568.71755	162.00000
568.77117	176.00000
568.82479	-46.00000
568.87840	144.00000
568.93201	10.00000
568.98561	244.00000
569.03921	196.00000
569.09281	66.00000
569.14640	56.00000
569.19999	-78.00000
569.25358	-106.00000
569.30716	-34.00000
569.36074	60.00000
569.41431	208.00000
569.46788	166.00000
569.52144	-34.00000
569.57500	50.00000
569.62856	198.00000
569.68211	14.00000
569.73566	250.00000
569.78921	128.00000
569.84275	300.00000
569.89629	-32.00000
569.94982	28.00000
570.00335	0.00000
570.05687	38.00000
570.11039	150.00000
570.16391	112.00000
570.21742	42.00000
570.27093	188.00000
570.32444	48.00000
570.37794	156.00000
570.43144	32.00000
570.48493	-16.00000
570.53842	170.00000
570.59190	32.00000
570.64538	114.00000
570.69886	76.00000
570.75233	-50.00000
570.80580	270.00000
570.85927	-34.00000
570.91273	248.00000
570.96619	160.00000
571.01964	244.00000
571.07309	240.00000
571.12653	0.00000
571.17997	-16.00000
571.23341	146.00000
571.28684	106.00000
571.34027	-22.00000
571.39370	0.00000
571.44712	304.00000
571.50054	-48.00000
571.55395	192.00000
571.60736	96.00000
571.66076	196.00000
571.71416	110.00000
571.76756	164.00000
571.82095	-16.00000
571.87434	132.00000
571.92773	198.00000
571.98111	110.00000
572.03449	190.00000
572.08786	222.00000
572.14123	128.00000
572.19459	190.00000
572.24795	96.00000
572.30131	-38.00000
572.35466	32.00000
572.40801	-29.00000
572.46136	174.00000
572.51470	-50.00000
572.56804	186.00000
572.62137	398.00000
572.67470	97.00000
572.72802	206.00000
572.78134	238.00000
572.83466	-31.00000
572.88797	158.00000
572.94128	46.00000
572.99459	174.00000
573.04789	182.00000
573.10119	-93.00000
573.15448	202.00000
573.20777	-27.00000
573.26105	158.00000
573.31433	270.00000
573.36761	44.00000
573.42088	208.00000
573.47415	112.00000
573.52742	291.00000
573.58068	110.00000
573.63394	-162.00000
573.68719	164.00000
573.74044	1.00000
573.79368	82.00000
573.84692	257.00000
573.90016	304.00000
573.95339	336.00000
574.00662	-122.00000
574.05985	-16.00000
574.11307	352.00000
574.16629	-32.00000
574.21950	98.00000
574.27271	64.00000
574.32591	94.00000
574.37911	160.00000
574.43231	0.00000
574.48550	250.00000
574.53869	196.00000
574.59188	148.00000
574.64506	0.00000
574.69824	-19.00000
574.75141	355.00000
574.80458	32.00000
574.85774	178.00000
574.91090	112.00000
574.96406	116.00000
575.01721	58.00000
575.07036	51.00000
575.12351	78.00000
575.17665	302.00000
575.22979	320.00000
575.28292	147.00000
575.33605	94.00000
575.38917	92.00000
575.44229	210.00000
575.49541	215.00000
575.54852	4.00000
575.60163	242.00000
575.65474	360.00000
575.70784	32.00000
575.76094	-45.00000
575.81403	270.00000
575.86712	670.00000
575.92020	174.00000
575.97328	70.00000
576.02636	116.00000
576.07943	96.00000
576.13250	-146.00000
576.18557	90.00000
576.23863	292.00000
576.29169	-44.00000
576.34474	274.00000
576.39779	164.00000
576.45083	306.00000
576.50387	-31.00000
576.55691	106.00000
576.60994	190.00000
576.66297	90.00000
576.71600	118.00000
576.76902	70.00000
576.82204	96.00000
576.87505	78.00000
576.92806	114.00000
576.98106	227.00000
577.03406	196.00000
577.08706	16.00000
577.14005	126.00000
577.19304	266.00000
577.24603	174.00000
577.29901	125.00000
577.35199	-18.00000
577.40496	83.00000
577.45793	13.00000
577.51089	228.00000
577.56385	226.00000
577.61681	295.00000
577.66976	276.00000
577.72271	90.00000
577.77566	132.00000
577.82860	-83.00000
577.88154	60.00000
577.93447	173.00000
577.98740	125.00000
578.04032	359.00000
578.09324	-130.00000
578.14616	102.00000
578.19907	190.00000
578.25198	201.00000
578.30489	180.00000
578.35779	193.00000
578.41069	-61.00000
578.46358	345.00000
578.51647	129.00000
578.56935	133.00000
578.62223	57.00000
578.67511	37.00000
578.72798	317.00000
578.78085	312.00000
578.83372	-75.00000
578.88658	-288.00000
578.93944	229.00000
578.99229	32.00000
579.04514	-144.00000
579.09798	50.00000
579.15082	-28.00000
579.20366	52.00000
579.25649	14.00000
579.30932	496.00000
579.36215	64.00000
579.41497	272.00000
579.46779	68.00000
579.52060	16.00000
579.57341	-74.00000
579.62621	70.00000
579.67901	-10.00000
579.73181	112.00000
579.78460	-16.00000
579.83739	23.00000
579.89018	112.00000
579.94296	59.00000
579.99574	20.00000
580.04851	203.00000
580.10128	38.00000
580.15404	8.00000
580.20680	217.00000
580.25956	-50.00000
580.31231	292.00000
580.36506	84.00000
580.41781	344.00000
580.47055	-247.00000
580.52329	148.00000
580.57602	297.00000
580.62875	192.00000
580.68147	-34.00000
580.73419	60.00000
580.78691	-48.00000
580.83962	21.00000
580.89233	16.00000
580.94504	143.00000
580.99774	-2.00000
581.05044	174.00000
581.10313	152.00000
581.15582	-14.00000
581.20850	-52.00000
581.26118	115.00000
581.31386	274.00000
581.36653	176.00000
581.41920	-140.00000
581.47187	64.00000
581.52453	80.00000
581.57719	-94.00000
581.62984	-14.00000
581.68249	-17.00000
581.73513	0.00000
581.78777	242.00000
581.84041	80.00000
581.89304	754.00000
581.94567	242.00000
581.99830	130.00000
582.05092	-122.00000
582.10354	10.00000
582.15615	34.00000
582.20876	114.00000
582.26136	70.00000
582.31396	-91.00000
582.36656	178.00000
582.41915	-116.00000
582.47174	34.00000
582.52433	146.00000
582.57691	30.00000
582.62949	134.00000
582.68206	10.00000
582.73463	50.00000
582.78719	80.00000
582.83975	-69.00000
582.89231	-26.00000
582.94486	0.00000
582.99741	152.00000
583.04996	245.00000
583.10250	49.00000
583.15504	62.00000
583.20757	77.00000
583.26010	272.00000
583.31262	-142.00000
583.36514	-15.00000
583.41766	32.00000
583.47017	47.00000
583.52268	0.00000
583.57519	98.00000
583.62769	-145.00000
583.68019	109.00000
583.73268	114.00000
583.78517	118.00000
583.83765	-216.00000
583.89013	128.00000
583.94261	114.00000
583.99508	34.00000
584.04755	206.00000
584.10002	146.00000
584.15248	168.00000
584.20494	-83.00000
584.25739	116.00000
584.30984	178.00000
584.36228	216.00000
584.41472	129.00000
584.46716	146.00000
584.51959	10.00000
584.57202	82.00000
584.62445	58.00000
584.67687	78.00000
584.72929	226.00000
584.78170	154.00000
584.83411	96.00000
584.88651	-86.00000
584.93891	-66.00000
584.99131	27.00000
585.04370	-100.00000
585.09609	-66.00000
585.14848	-206.00000
585.20086	10.00000
585.25324	126.00000
585.30561	140.00000
585.35798	224.00000
585.41034	59.00000
585.46270	0.00000
585.51506	-10.00000
585.56741	206.00000
585.61976	194.00000
585.67211	-7.00000
585.72445	-17.00000
585.77679	288.00000
585.82912	32.00000
585.88145	-73.00000
585.93377	48.00000
585.98609	146.00000
586.03841	18.00000
586.09072	-128.00000
586.14303	-135.00000
586.19534	128.00000
586.24764	-76.00000
586.29994	230.00000
586.35223	-151.00000
586.40452	80.00000
586.45680	189.00000
586.50908	236.00000
586.56136	480.00000
586.61363	132.00000
586.66590	146.00000
586.71817	-286.00000
586.77043	-94.00000
586.82269	-162.00000
586.87494	-60.00000
586.92719	182.00000
586.97943	-44.00000
587.03167	128.00000
587.08391	318.00000
587.13614	14.00000
587.18837	142.00000
587.24060	60.00000
587.29282	-66.00000
587.34504	82.00000
587.39725	234.00000
587.44946	222.00000
587.50166	-148.00000
587.55386	2.00000
587.60606	108.00000
587.65825	267.00000
587.71044	134.00000
587.76263	98.00000
587.81481	-80.00000
587.86699	6.00000
587.91916	98.00000
587.97133	130.00000
588.02349	-304.00000
588.07565	100.00000
588.12781	194.00000
588.17996	172.00000
588.23211	80.00000
588.28426	124.00000
588.33640	69.00000
588.38854	162.00000
588.44067	100.00000
588.49280	124.00000
588.54492	-64.00000
588.59704	96.00000
588.64916	238.00000
588.70127	258.00000
588.75338	62.00000
588.80549	135.00000
588.85759	324.00000
588.90969	12.00000
588.96178	-32.00000
589.01387	128.00000
589.06595	12.00000
589.11803	16.00000
589.17011	226.00000
589.22218	-191.00000
589.27425	166.00000
589.32632	32.00000
589.37838	146.00000
589.43044	320.00000
589.48249	-79.00000
589.53454	-47.00000
589.58658	144.00000
589.63862	-176.00000
589.69066	51.00000
589.74269	-48.00000
589.79472	6.00000
589.84675	190.00000
589.89877	110.00000
589.95079	74.00000
590.00280	-80.00000
590.05481	-62.00000
590.10681	-19.00000
590.15881	32.00000
590.21081	220.00000
590.26280	45.00000
590.31479	64.00000
590.36678	157.00000
590.41876	199.00000
590.47074	82.00000
590.52271	338.00000
590.57468	-114.00000
590.62664	-100.00000
590.67860	38.00000
590.73056	112.00000
590.78251	198.00000
590.83446	-48.00000
590.88641	121.00000
590.93835	-76.00000
590.99029	1.00000
591.04222	96.00000
591.09415	-32.00000
591.14607	114.00000
591.19799	-113.00000
591.24991	332.00000
591.30182	142.00000
591.35373	-130.00000
591.40564	96.00000
591.45754	-30.00000
591.50944	278.00000
591.56133	-112.00000
591.61322	157.00000
591.66510	74.00000
591.71698	220.00000
591.76886	148.00000
591.82073	272.00000
591.87260	148.00000
591.92447	-108.00000
591.97633	130.00000
592.02819	86.00000
592.08004	30.00000
592.13189	255.00000
592.18373	16.00000
592.23557	542.00000
592.28741	-128.00000
592.33924	-52.00000
592.39107	134.00000
592.44290	12.00000
592.49472	14.00000
592.54654	174.00000
592.59835	-22.00000
592.65016	-170.00000
592.70196	74.00000
592.75376	204.00000
592.80556	256.00000
592.85735	-38.00000
592.90914	28.00000
592.96093	64.00000
593.01271	-206.00000
593.06449	-176.00000
593.11626	204.00000
593.16803	60.00000
593.21979	-30.00000
593.27155	224.00000
593.32331	286.00000
593.37506	-144.00000
593.42681	54.00000
593.47856	-28.00000
593.53030	306.00000
593.58204	142.00000
593.63377	-122.00000
593.68550	-96.00000
593.73722	192.00000
593.78894	48.00000
593.84066	74.00000
