462.07865	108.00000
462.14203	54.00000
462.20540	-14.00000
462.26878	274.00000
462.33215	-358.00000
462.39552	112.00000
462.45889	218.00000
462.52225	-207.00000
462.58562	-208.00000
462.64898	204.00000
462.71234	276.00000
462.77570	66.00000
462.83905	-74.00000
462.90241	60.00000
462.96576	80.00000
463.02911	-58.00000
463.09246	-34.00000
463.15580	44.00000
463.21915	60.00000
463.28249	-78.00000
463.34583	276.00000
463.40917	74.00000
463.47250	138.00000
463.53584	-48.00000
463.59917	-158.00000
463.66250	214.00000
463.72583	-36.00000
463.78915	96.00000
463.85248	32.00000
463.91580	32.00000
463.97912	64.00000
464.04244	-174.00000
464.10575	32.00000
464.16907	210.00000
464.23238	158.00000
464.29569	71.00000
464.35900	16.00000
464.42230	-68.00000
464.48561	114.00000
464.54891	204.00000
464.61221	-90.00000
464.67551	48.00000
464.73880	176.00000
464.80210	112.00000
464.86539	46.00000
464.92868	34.00000
464.99197	50.00000
465.05525	13.00000
465.11854	128.00000
465.18182	-32.00000
465.24510	80.00000
465.30838	-64.00000
465.37165	130.00000
465.43493	272.00000
465.49820	17.00000
465.56147	156.00000
465.62474	119.00000
465.68800	160.00000
465.75127	-126.00000
465.81453	76.00000
465.87779	-112.00000
465.94105	31.00000
466.00430	338.00000
466.06756	46.00000
466.13081	38.00000
466.19406	210.00000
466.25731	46.00000
466.32055	-178.00000
466.38380	207.00000
466.44704	0.00000
466.51028	182.00000
466.57352	118.00000
466.63675	-94.00000
466.69999	88.00000
466.76322	26.00000
466.82645	97.00000
466.88968	210.00000
466.95290	480.00000
467.01613	126.00000
467.07935	403.00000
467.14257	174.00000
467.20579	32.00000
467.26900	67.00000
467.33222	-32.00000
467.39543	194.00000
467.45864	144.00000
467.52185	50.00000
467.58505	-96.00000
467.64826	130.00000
467.71146	40.00000
467.77466	258.00000
467.83786	-178.00000
467.90105	34.00000
467.96425	42.00000
468.02744	-158.00000
468.09063	192.00000
468.15382	304.00000
468.21700	164.00000
468.28019	148.00000
468.34337	82.00000
468.40655	-146.00000
468.46973	188.00000
468.53290	-160.00000
468.59608	226.00000
468.65925	64.00000
468.72242	4.00000
468.78559	-48.00000
468.84875	-30.00000
468.91192	226.00000
468.97508	240.00000
469.03824	1818.00000
469.10140	68.00000
469.16455	22.00000
469.22771	98.00000
469.29086	60.00000
469.35401	160.00000
469.41716	183.00000
469.48030	182.00000
469.54345	-208.00000
469.60659	308.00000
469.66973	-10.00000
469.73287	220.00000
469.79600	194.00000
469.85914	160.00000
469.92227	48.00000
469.98540	44.00000
470.04853	-174.00000
470.11165	324.00000
470.17478	0.00000
470.23790	60.00000
470.30102	2.00000
470.36414	194.00000
470.42725	116.00000
470.49037	-124.00000
470.55348	80.00000
470.61659	124.00000
470.67970	-84.00000
470.74280	380.00000
470.80591	80.00000
470.86901	206.00000
470.93211	49.00000
470.99521	0.00000
471.05830	-18.00000
471.12140	62.00000
471.18449	-48.00000
471.24758	14.00000
471.31067	276.00000
471.37375	320.00000
471.43684	-160.00000
471.49992	99.00000
471.56300	-16.00000
471.62608	69.00000
471.68915	158.00000
471.75223	58.00000
471.81530	224.00000
471.87837	96.00000
471.94144	128.00000
472.00450	174.00000
472.06757	294.00000
472.13063	254.00000
472.19369	126.00000
472.25675	90.00000
472.31980	330.00000
472.38286	18.00000
472.44591	-16.00000
472.50896	-208.00000
472.57201	144.00000
472.63505	-1026.00000
472.69810	80.00000
472.76114	-32.00000
472.82418	102.00000
472.88722	-128.00000
472.95025	128.00000
473.01329	144.00000
473.07632	208.00000
473.13935	144.00000
473.20238	226.00000
473.26540	-146.00000
473.32843	130.00000
473.39145	6.00000
473.45447	215.00000
473.51749	112.00000
473.58050	146.00000
473.64352	96.00000
473.70653	-2.00000
473.76954	304.00000
473.83255	46.00000
473.89555	190.00000
473.95856	46.00000
474.02156	19.00000
474.08456	260.00000
474.14756	96.00000
474.21055	284.00000
474.27355	-114.00000
474.33654	370.00000
474.39953	32.00000
474.46252	110.00000
474.52550	0.00000
474.58849	94.00000
474.65147	68.00000
474.71445	6.00000
474.77743	2.00000
474.84040	64.00000
474.90338	128.00000
474.96635	94.00000
475.02932	272.00000
475.09229	-18.00000
475.15525	66.00000
475.21822	308.00000
475.28118	242.00000
475.34414	-48.00000
475.40710	176.00000
475.47005	32.00000
475.53301	114.00000
475.59596	-42.00000
475.65891	304.00000
475.72186	-118.00000
475.78480	223.00000
475.84775	48.00000
475.91069	94.00000
475.97363	-82.00000
476.03657	-48.00000
476.09950	528.00000
476.16244	276.00000
476.22537	-125.00000
476.28830	174.00000
476.35123	-18.00000
476.41415	-82.00000
476.47708	62.00000
476.54000	12.00000
476.60292	320.00000
476.66584	192.00000
476.72875	125.00000
476.79167	354.00000
476.85458	290.00000
476.91749	-124.00000
476.98040	-106.00000
477.04330	184.00000
477.10621	48.00000
477.16911	126.00000
477.23201	74.00000
477.29491	146.00000
477.35780	132.00000
477.42070	150.00000
477.48359	48.00000
477.54648	285.00000
477.60937	78.00000
477.67225	117.00000
477.73514	124.00000
477.79802	430.00000
477.86090	126.00000
477.92378	41.00000
477.98665	-68.00000
478.04953	276.00000
478.11240	332.00000
478.17527	214.00000
478.23814	230.00000
478.30100	16.00000
478.36387	99.00000
478.42673	206.00000
478.48959	204.00000
478.55245	-18.00000
478.61530	350.00000
478.67816	152.00000
478.74101	110.00000
478.80386	142.00000
478.86671	206.00000
478.92955	256.00000
478.99240	294.00000
479.05524	144.00000
479.11808	152.00000
479.18092	300.00000
479.24375	333.00000
479.30659	185.00000
479.36942	205.00000
479.43225	301.00000
479.49508	-16.00000
479.55790	126.00000
479.62073	50.00000
479.68355	194.00000
479.74637	80.00000
479.80919	277.00000
479.87200	13.00000
479.93482	-48.00000
479.99763	386.00000
480.06044	66.00000
480.12325	15.00000
480.18605	32.00000
480.24886	-28.00000
480.31166	128.00000
480.37446	-146.00000
480.43726	12.00000
480.50005	258.00000
480.56285	144.00000
480.62564	105.00000
480.68843	205.00000
480.75122	-23.00000
480.81400	126.00000
480.87679	91.00000
480.93957	148.00000
481.00235	162.00000
481.06513	141.00000
481.12790	224.00000
481.19068	260.00000
481.25345	86.00000
481.31622	-12.00000
481.37899	38.00000
481.44175	134.00000
481.50452	239.00000
481.56728	-48.00000
481.63004	288.00000
481.69280	-67.00000
481.75555	111.00000
481.81831	176.00000
481.88106	96.00000
481.94381	512.00000
482.00656	210.00000
482.06930	146.00000
482.13205	97.00000
482.19479	59.00000
482.25753	301.00000
482.32027	217.00000
482.38300	196.00000
482.44574	480.00000
482.50847	224.00000
482.57120	-4.00000
482.63393	196.00000
482.69665	34.00000
482.75938	-38.00000
482.82210	77.00000
482.88482	231.00000
482.94754	216.00000
483.01025	226.00000
483.07297	142.00000
483.13568	194.00000
483.19839	274.00000
483.26110	-114.00000
483.32380	210.00000
483.38651	182.00000
483.44921	110.00000
483.51191	-20.00000
483.57461	102.00000
483.63730	302.00000
483.70000	114.00000
483.76269	80.00000
483.82538	320.00000
483.88807	138.00000
483.95075	433.00000
484.01344	139.00000
484.07612	-33.00000
484.13880	-42.00000
484.20148	189.00000
484.26415	124.00000
484.32683	21.00000
484.38950	146.00000
484.45217	34.00000
484.51484	34.00000
484.57750	-142.00000
484.64017	393.00000
484.70283	338.00000
484.76549	18.00000
484.82815	-46.00000
484.89080	34.00000
484.95346	153.00000
485.01611	62.00000
485.07876	254.00000
485.14141	113.00000
485.20405	78.00000
485.26670	124.00000
485.32934	306.00000
485.39198	97.00000
485.45462	66.00000
485.51725	-64.00000
485.57989	-37.00000
485.64252	118.00000
485.70515	162.00000
485.76778	1.00000
485.83040	126.00000
485.89303	64.00000
485.95565	258.00000
486.01827	267.00000
486.08089	43.00000
486.14350	224.00000
486.20612	182.00000
486.26873	166.00000
486.33134	4.00000
486.39395	-48.00000
486.45655	182.00000
486.51916	189.00000
486.58176	70.00000
486.64436	255.00000
486.70696	107.00000
486.76955	10.00000
486.83215	16.00000
486.89474	178.00000
486.95733	160.00000
487.01992	80.00000
487.08250	193.00000
487.14509	226.00000
487.20767	91.00000
487.27025	60.00000
487.33283	186.00000
487.39540	-78.00000
487.45798	268.00000
487.52055	63.00000
487.58312	77.00000
487.64569	170.00000
487.70825	178.00000
487.77082	-36.00000
487.83338	178.00000
487.89594	124.00000
487.95850	33.00000
488.02105	210.00000
488.08361	-48.00000
488.14616	242.00000
488.20871	208.00000
488.27126	-277.00000
488.33380	354.00000
488.39635	-65.00000
488.45889	32.00000
488.52143	288.00000
488.58397	76.00000
488.64650	128.00000
488.70904	208.00000
488.77157	224.00000
488.83410	46.00000
488.89663	80.00000
488.95915	112.00000
489.02168	-230.00000
489.08420	176.00000
489.14672	208.00000
489.20924	180.00000
489.27175	138.00000
489.33427	43.00000
489.39678	62.00000
489.45929	90.00000
489.52180	64.00000
489.58430	214.00000
489.64681	82.00000
489.70931	98.00000
489.77181	-18.00000
489.83431	98.00000
489.89680	226.00000
489.95930	142.00000
490.02179	110.00000
490.08428	94.00000
490.14677	60.00000
490.20925	98.00000
490.27174	94.00000
490.33422	194.00000
490.39670	156.00000
490.45918	203.00000
490.52165	60.00000
490.58413	102.00000
490.64660	106.00000
490.70907	178.00000
490.77154	54.00000
490.83400	-64.00000
490.89647	54.00000
490.95893	186.00000
491.02139	-93.00000
491.08385	62.00000
491.14630	30.00000
491.20876	123.00000
491.27121	74.00000
491.33366	298.00000
491.39611	192.00000
491.45855	96.00000
491.52100	80.00000
491.58344	112.00000
491.64588	48.00000
491.70832	144.00000
491.77075	90.00000
491.83319	44.00000
491.89562	-48.00000
491.95805	134.00000
492.02048	182.00000
492.08290	46.00000
492.14533	292.00000
492.20775	124.00000
492.27017	49.00000
492.33259	-18.00000
492.39500	28.00000
492.45742	82.00000
492.51983	134.00000
492.58224	158.00000
492.64465	16.00000
492.70705	177.00000
492.76946	290.00000
492.83186	64.00000
492.89426	-66.00000
492.95666	430.00000
493.01905	108.00000
493.08145	0.00000
493.14384	-8.00000
493.20623	158.00000
493.26862	-54.00000
493.33100	218.00000
493.39339	48.00000
493.45577	188.00000
493.51815	18.00000
493.58053	80.00000
493.64290	238.00000
493.70528	47.00000
493.76765	238.00000
493.83002	-39.00000
493.89239	111.00000
493.95475	116.00000
494.01712	110.00000
494.07948	134.00000
494.14184	96.00000
494.20420	128.00000
494.26655	308.00000
494.32891	317.00000
494.39126	-83.00000
494.45361	110.00000
494.51596	-2.00000
494.57830	114.00000
494.64065	0.00000
494.70299	177.00000
494.76533	96.00000
494.82767	126.00000
494.89000	50.00000
494.95234	176.00000
495.01467	144.00000
495.07700	94.00000
495.13933	173.00000
495.20165	62.00000
495.26398	114.00000
495.32630	32.00000
495.38862	160.00000
495.45094	61.00000
495.51325	-16.00000
495.57557	149.00000
495.63788	188.00000
495.70019	298.00000
495.76250	304.00000
495.82480	286.00000
495.88711	-16.00000
495.94941	48.00000
496.01171	50.00000
496.07401	288.00000
496.13630	138.00000
496.19860	208.00000
496.26089	336.00000
496.32318	80.00000
496.38547	101.00000
496.44775	142.00000
496.51004	80.00000
496.57232	212.00000
496.63460	42.00000
496.69688	80.00000
496.75915	32.00000
496.82143	71.00000
496.88370	-198.00000
496.94597	138.00000
497.00824	174.00000
497.07050	162.00000
497.13277	240.00000
497.19503	-62.00000
497.25729	23.00000
497.31955	164.00000
497.38180	144.00000
497.44406	170.00000
497.50631	84.00000
497.56856	48.00000
497.63081	272.00000
497.69305	106.00000
497.75530	128.00000
497.81754	30.00000
497.87978	0.00000
497.94202	126.00000
498.00425	154.00000
498.06649	14.00000
498.12872	128.00000
498.19095	55.00000
498.25318	86.00000
498.31540	114.00000
498.37763	176.00000
498.43985	148.00000
498.50207	94.00000
498.56429	39.00000
498.62650	258.00000
498.68872	246.00000
498.75093	-6.00000
498.81314	197.00000
498.87535	14.00000
498.93755	140.00000
498.99976	130.00000
499.06196	280.00000
499.12416	350.00000
499.18636	162.00000
499.24855	46.00000
499.31075	302.00000
499.37294	210.00000
499.43513	226.00000
499.49732	126.00000
499.55950	106.00000
499.62169	100.00000
499.68387	293.00000
499.74605	158.00000
499.80823	-104.00000
499.87040	215.00000
499.93258	208.00000
499.99475	158.00000
500.05692	98.00000
500.11909	288.00000
500.18125	158.00000
500.24342	208.00000
500.30558	177.00000
500.36774	80.00000
500.42990	54.00000
500.49205	242.00000
500.55421	192.00000
500.61636	222.00000
500.67851	320.00000
500.74066	276.00000
500.80280	97.00000
500.86495	168.00000
500.92709	-162.00000
500.98923	227.00000
501.05137	206.00000
501.11350	154.00000
501.17564	20.00000
501.23777	242.00000
501.29990	230.00000
501.36203	94.00000
501.42415	98.00000
501.48628	94.00000
501.54840	130.00000
501.61052	82.00000
501.67264	245.00000
501.73475	6.00000
501.79687	159.00000
501.85898	176.00000
501.92109	152.00000
501.98320	29.00000
502.04530	255.00000
502.10741	64.00000
502.16951	152.00000
502.23161	64.00000
502.29371	256.00000
502.35580	59.00000
502.41790	224.00000
502.47999	262.00000
502.54208	159.00000
502.60417	228.00000
502.66625	274.00000
502.72834	119.00000
502.79042	64.00000
502.85250	166.00000
502.91458	160.00000
502.97665	162.00000
503.03873	62.00000
503.10080	240.00000
503.16287	196.00000
503.22494	223.00000
503.28700	19.00000
503.34907	127.00000
503.41113	180.00000
503.47319	19.00000
503.53525	52.00000
503.59730	47.00000
503.65936	253.00000
503.72141	280.00000
503.78346	-160.00000
503.84551	49.00000
503.90755	270.00000
503.96960	182.00000
504.03164	108.00000
504.09368	92.00000
504.15572	70.00000
504.21775	224.00000
504.27979	183.00000
504.34182	177.00000
504.40385	82.00000
504.46588	162.00000
504.52790	209.00000
504.58993	64.00000
504.65195	382.00000
504.71397	177.00000
504.77599	71.00000
504.83800	47.00000
504.90002	119.00000
504.96203	62.00000
505.02404	243.00000
505.08605	172.00000
505.14805	308.00000
505.21006	176.00000
505.27206	174.00000
505.33406	28.00000
505.39606	134.00000
505.45805	193.00000
505.52005	9.00000
505.58204	20.00000
505.64403	78.00000
505.70602	178.00000
505.76800	402.00000
505.82999	194.00000
505.89197	120.00000
505.95395	-146.00000
506.01593	184.00000
506.07790	208.00000
506.13988	-16.00000
506.20185	102.00000
506.26382	14.00000
506.32579	-32.00000
506.38775	-33.00000
506.44972	103.00000
506.51168	198.00000
506.57364	65.00000
506.63560	112.00000
506.69755	162.00000
506.75951	209.00000
506.82146	-8.00000
506.88341	80.00000
506.94536	98.00000
507.00730	222.00000
507.06925	28.00000
507.13119	162.00000
507.19313	50.00000
507.25507	122.00000
507.31700	18.00000
507.37894	191.00000
507.44087	178.00000
507.50280	108.00000
507.56473	130.00000
507.62665	98.00000
507.68858	216.00000
507.75050	-64.00000
507.81242	272.00000
507.87434	14.00000
507.93625	200.00000
507.99817	-32.00000
508.06008	279.00000
508.12199	186.00000
508.18390	50.00000
508.24580	-80.00000
508.30771	160.00000
508.36961	114.00000
508.43151	161.00000
508.49341	297.00000
508.55530	87.00000
508.61720	28.00000
508.67909	166.00000
508.74098	80.00000
508.80287	128.00000
508.86475	59.00000
508.92664	184.00000
508.98852	106.00000
509.05040	-130.00000
509.11228	272.00000
509.17415	178.00000
509.23603	16.00000
509.29790	82.00000
509.35977	240.00000
509.42164	32.00000
509.48350	112.00000
509.54537	66.00000
509.60723	111.00000
509.66909	13.00000
509.73095	179.00000
509.79280	206.00000
509.85466	236.00000
509.91651	23.00000
509.97836	294.00000
510.04021	8.00000
510.10205	180.00000
510.16390	91.00000
510.22574	286.00000
510.28758	160.00000
510.34942	204.00000
510.41125	10.00000
510.47309	-21.00000
510.53492	-16.00000
510.59675	226.00000
510.65858	176.00000
510.72040	54.00000
510.78223	98.00000
510.84405	128.00000
510.90587	208.00000
510.96769	176.00000
511.02950	-94.00000
511.09132	120.00000
511.15313	22.00000
511.21494	0.00000
511.27675	78.00000
511.33855	320.00000
511.40036	266.00000
511.46216	32.00000
511.52396	-112.00000
511.58576	198.00000
511.64755	110.00000
511.70935	126.00000
511.77114	156.00000
511.83293	142.00000
511.89472	30.00000
511.95650	114.00000
512.01829	26.00000
512.08007	32.00000
512.14185	18.00000
512.20363	276.00000
512.26540	160.00000
512.32718	26.00000
512.38895	288.00000
512.45072	362.00000
512.51249	144.00000
512.57425	178.00000
512.63602	26.00000
512.69778	-38.00000
512.75954	226.00000
512.82130	-144.00000
512.88305	302.00000
512.94481	-32.00000
513.00656	84.00000
513.06831	-62.00000
513.13006	12.00000
513.19180	126.00000
513.25355	142.00000
513.31529	17.00000
513.37703	288.00000
513.43877	188.00000
513.50050	-110.00000
513.56224	110.00000
513.62397	284.00000
513.68570	90.00000
513.74743	16.00000
513.80915	144.00000
513.87088	0.00000
513.93260	66.00000
513.99432	84.00000
514.05604	203.00000
514.11775	-108.00000
514.17947	325.00000
514.24118	288.00000
514.30289	178.00000
514.36460	175.00000
514.42630	156.00000
514.48801	32.00000
514.54971	222.00000
514.61141	-19.00000
514.67311	224.00000
514.73480	128.00000
514.79650	388.00000
514.85819	206.00000
514.91988	190.00000
514.98157	19.00000
515.04325	160.00000
515.10494	158.00000
515.16662	285.00000
515.22830	334.00000
515.28998	-54.00000
515.35165	102.00000
515.41333	-32.00000
515.47500	106.00000
515.53667	58.00000
515.59834	286.00000
515.66000	334.00000
515.72167	210.00000
515.78333	201.00000
515.84499	178.00000
515.90665	160.00000
515.96830	110.00000
516.02996	14.00000
516.09161	126.00000
516.15326	110.00000
516.21491	79.00000
516.27655	70.00000
516.33820	365.00000
516.39984	197.00000
516.46148	-70.00000
516.52312	68.00000
516.58475	52.00000
516.64639	64.00000
516.70802	235.00000
516.76965	64.00000
516.83128	-93.00000
516.89290	165.00000
516.95453	166.00000
517.01615	174.00000
517.07777	67.00000
517.13939	173.00000
517.20100	35.00000
517.26262	96.00000
517.32423	160.00000
517.38584	126.00000
517.44745	-16.00000
517.50905	322.00000
517.57066	318.00000
517.63226	102.00000
517.69386	202.00000
517.75546	194.00000
517.81705	238.00000
517.87865	114.00000
517.94024	96.00000
518.00183	62.00000
518.06342	192.00000
518.12500	56.00000
518.18659	176.00000
518.24817	148.00000
518.30975	-10.00000
518.37133	170.00000
518.43290	116.00000
518.49448	130.00000
518.55605	180.00000
518.61762	66.00000
518.67919	46.00000
518.74075	350.00000
518.80232	14.00000
518.86388	-98.00000
518.92544	242.00000
518.98700	-98.00000
519.04855	334.00000
519.11011	146.00000
519.17166	125.00000
519.23321	162.00000
519.29476	242.00000
519.35630	117.00000
519.41785	226.00000
519.47939	10.00000
519.54093	100.00000
519.60247	193.00000
519.66400	98.00000
519.72554	68.00000
519.78707	206.00000
519.84860	169.00000
519.91013	176.00000
519.97165	112.00000
520.03318	208.00000
520.09470	110.00000
520.15622	182.00000
520.21774	34.00000
520.27925	119.00000
520.34077	131.00000
520.40228	53.00000
520.46379	162.00000
520.52530	30.00000
520.58680	153.00000
520.64831	32.00000
520.70981	138.00000
520.77131	184.00000
520.83281	14.00000
520.89430	116.00000
520.95580	26.00000
521.01729	106.00000
521.07878	54.00000
521.14027	197.00000
521.20175	124.00000
521.26324	-35.00000
521.32472	46.00000
521.38620	-26.00000
521.44768	177.00000
521.50915	206.00000
521.57063	-22.00000
521.63210	-28.00000
521.69357	78.00000
521.75504	69.00000
521.81650	96.00000
521.87797	30.00000
521.93943	285.00000
522.00089	111.00000
522.06235	256.00000
522.12380	157.00000
522.18526	4.00000
522.24671	224.00000
522.30816	125.00000
522.36961	230.00000
522.43105	102.00000
522.49250	128.00000
522.55394	52.00000
522.61538	-94.00000
522.67682	-58.00000
522.73825	-12.00000
522.79969	50.00000
522.86112	96.00000
522.92255	60.00000
522.98398	168.00000
523.04540	-32.00000
523.10683	172.00000
523.16825	226.00000
523.22967	196.00000
523.29109	176.00000
523.35250	-66.00000
523.41392	25.00000
523.47533	202.00000
523.53674	323.00000
523.59815	214.00000
523.65955	80.00000
523.72096	95.00000
523.78236	260.00000
523.84376	160.00000
523.90516	334.00000
523.96655	139.00000
524.02795	204.00000
524.08934	148.00000
524.15073	162.00000
524.21212	158.00000
524.27350	238.00000
524.33489	64.00000
524.39627	242.00000
524.45765	156.00000
524.51903	20.00000
524.58040	18.00000
524.64178	4.00000
524.70315	160.00000
524.76452	139.00000
524.82589	-3.00000
524.88725	92.00000
524.94862	106.00000
525.00998	-76.00000
525.07134	235.00000
525.13270	62.00000
525.19405	-108.00000
525.25541	-14.00000
525.31676	-26.00000
525.37811	32.00000
525.43946	82.00000
525.50080	90.00000
525.56215	46.00000
525.62349	144.00000
525.68483	179.00000
525.74617	60.00000
525.80750	260.00000
525.86884	-4.00000
525.93017	70.00000
525.99150	152.00000
526.05283	64.00000
526.11415	182.00000
526.17548	28.00000
526.23680	282.00000
526.29812	76.00000
526.35944	76.00000
526.42075	162.00000
526.48207	48.00000
526.54338	69.00000
526.60469	-30.00000
526.66600	144.00000
526.72730	-94.00000
526.78861	60.00000
526.84991	240.00000
526.91121	162.00000
526.97251	-82.00000
527.03380	-42.00000
527.09510	-48.00000
527.15639	-56.00000
527.21768	18.00000
527.27897	100.00000
527.34025	344.00000
527.40154	258.00000
527.46282	194.00000
527.52410	-48.00000
527.58538	0.00000
527.64665	224.00000
527.70793	160.00000
527.76920	178.00000
527.83047	48.00000
527.89174	-112.00000
527.95300	-49.00000
528.01427	34.00000
528.07553	-18.00000
528.13679	194.00000
528.19805	192.00000
528.25930	223.00000
528.32056	18.00000
528.38181	-112.00000
528.44306	112.00000
528.50431	-94.00000
528.56555	-32.00000
528.62680	2.00000
528.68804	95.00000
528.74928	118.00000
528.81052	290.00000
528.87175	266.00000
528.93299	66.00000
528.99422	66.00000
529.05545	78.00000
529.11668	258.00000
529.17790	-76.00000
529.23913	224.00000
529.30035	16.00000
529.36157	110.00000
529.42279	288.00000
529.48400	70.00000
529.54522	-111.00000
529.60643	198.00000
529.66764	157.00000
529.72885	274.00000
529.79005	172.00000
529.85126	300.00000
529.91246	12.00000
529.97366	34.00000
530.03486	-80.00000
530.09605	14.00000
530.15725	90.00000
530.21844	34.00000
530.27963	34.00000
530.34082	30.00000
530.40200	91.00000
530.46319	64.00000
530.52437	338.00000
530.58555	192.00000
530.64673	130.00000
530.70790	150.00000
530.76908	-32.00000
530.83025	204.00000
530.89142	80.00000
530.95259	28.00000
531.01375	130.00000
531.07492	124.00000
531.13608	272.00000
531.19724	274.00000
531.25840	106.00000
531.31955	99.00000
531.38071	174.00000
531.44186	174.00000
531.50301	114.00000
531.56416	76.00000
531.62530	60.00000
531.68645	110.00000
531.74759	84.00000
531.80873	134.00000
531.86987	-62.00000
531.93100	12.00000
531.99214	130.00000
532.05327	74.00000
532.11440	-4.00000
532.17553	-30.00000
532.23665	54.00000
532.29778	170.00000
532.35890	76.00000
532.42002	304.00000
532.48114	-48.00000
532.54225	-84.00000
532.60337	64.00000
532.66448	206.00000
532.72559	66.00000
532.78670	182.00000
532.84780	80.00000
532.90891	18.00000
532.97001	76.00000
533.03111	34.00000
533.09221	304.00000
533.15330	28.00000
533.21440	192.00000
533.27549	-36.00000
533.33658	215.00000
533.39767	114.00000
533.45875	48.00000
533.51984	-36.00000
533.58092	318.00000
533.64200	176.00000
533.70308	208.00000
533.76415	-46.00000
533.82523	78.00000
533.88630	114.00000
533.94737	192.00000
534.00844	99.00000
534.06950	94.00000
534.13057	-96.00000
534.19163	242.00000
534.25269	176.00000
534.31375	48.00000
534.37480	54.00000
534.43586	16.00000
534.49691	62.00000
534.55796	96.00000
534.61901	17.00000
534.68005	110.00000
534.74110	48.00000
534.80214	18.00000
534.86318	48.00000
534.92422	134.00000
534.98525	128.00000
535.04629	368.00000
535.10732	416.00000
535.16835	149.00000
535.22938	-48.00000
535.29040	20.00000
535.35143	254.00000
535.41245	210.00000
535.47347	-46.00000
535.53449	148.00000
535.59550	-108.00000
535.65652	176.00000
535.71753	82.00000
535.77854	160.00000
535.83955	238.00000
535.90055	198.00000
535.96156	-80.00000
536.02256	242.00000
536.08356	50.00000
536.14456	182.00000
536.20555	-61.00000
536.26655	224.00000
536.32754	-141.00000
536.38853	336.00000
536.44952	0.00000
536.51050	51.00000
536.57149	-82.00000
536.63247	112.00000
536.69345	116.00000
536.75443	126.00000
536.81540	-32.00000
536.87638	128.00000
536.93735	26.00000
536.99832	164.00000
537.05929	46.00000
537.12025	108.00000
537.18122	142.00000
537.24218	144.00000
537.30314	270.00000
537.36410	46.00000
537.42505	240.00000
537.48601	-16.00000
537.54696	-2.00000
537.60791	132.00000
537.66886	98.00000
537.72980	220.00000
537.79075	142.00000
537.85169	52.00000
537.91263	308.00000
537.97357	162.00000
538.03450	82.00000
538.09544	356.00000
538.15637	128.00000
538.21730	128.00000
538.27823	194.00000
538.33915	20.00000
538.40008	84.00000
538.46100	42.00000
538.52192	-62.00000
538.58284	67.00000
538.64375	4.00000
538.70467	205.00000
538.76558	0.00000
538.82649	21.00000
538.88740	194.00000
538.94830	224.00000
539.00921	180.00000
539.07011	144.00000
539.13101	100.00000
539.19191	292.00000
539.25280	96.00000
539.31370	-94.00000
539.37459	224.00000
539.43548	210.00000
539.49637	37.00000
539.55725	112.00000
539.61814	200.00000
539.67902	274.00000
539.73990	202.00000
539.80078	208.00000
539.86165	224.00000
539.92253	144.00000
539.98340	158.00000
540.04427	164.00000
540.10514	160.00000
540.16600	46.00000
540.22687	162.00000
540.28773	146.00000
540.34859	164.00000
540.40945	240.00000
540.47030	238.00000
540.53116	59.00000
540.59201	250.00000
540.65286	48.00000
540.71371	112.00000
540.77455	101.00000
540.83540	36.00000
540.89624	-4.00000
540.95708	142.00000
541.01792	255.00000
541.07875	114.00000
541.13959	154.00000
541.20042	69.00000
541.26125	259.00000
541.32208	82.00000
541.38290	70.00000
541.44373	70.00000
541.50455	98.00000
541.56537	-16.00000
541.62619	455.00000
541.68700	124.00000
541.74782	288.00000
541.80863	54.00000
541.86944	68.00000
541.93025	-3.00000
541.99105	128.00000
542.05186	-16.00000
542.11266	-94.00000
542.17346	226.00000
542.23426	111.00000
542.29505	222.00000
542.35585	208.00000
542.41664	176.00000
542.47743	85.00000
542.53822	186.00000
542.59900	146.00000
542.65979	0.00000
542.72057	242.00000
542.78135	237.00000
542.84213	24.00000
542.90290	229.00000
542.96368	142.00000
543.02445	80.00000
543.08522	6.00000
543.14599	-20.00000
543.20675	48.00000
543.26752	176.00000
543.32828	213.00000
543.38904	96.00000
543.44980	290.00000
543.51055	297.00000
543.57131	171.00000
543.63206	226.00000
543.69281	30.00000
543.75356	-14.00000
543.81430	210.00000
543.87505	-18.00000
543.93579	123.00000
543.99653	-128.00000
544.05727	128.00000
544.11800	41.00000
544.17874	135.00000
544.23947	-6.00000
544.30020	102.00000
544.36093	-32.00000
544.42165	64.00000
544.48238	125.00000
544.54310	224.00000
544.60382	194.00000
544.66454	96.00000
544.72525	-8.00000
544.78597	106.00000
544.84668	192.00000
544.90739	-16.00000
544.96810	294.00000
545.02880	212.00000
545.08951	81.00000
545.15021	166.00000
545.21091	224.00000
545.27161	130.00000
545.33230	49.00000
545.39300	10.00000
545.45369	-26.00000
545.51438	207.00000
545.57507	274.00000
545.63575	219.00000
545.69644	207.00000
545.75712	141.00000
545.81780	146.00000
545.87848	194.00000
545.93915	-31.00000
545.99983	-16.00000
546.06050	193.00000
546.12117	149.00000
546.18184	190.00000
546.24250	-34.00000
546.30317	-14.00000
546.36383	208.00000
546.42449	59.00000
546.48515	44.00000
546.54580	156.00000
546.60646	372.00000
546.66711	128.00000
546.72776	96.00000
546.78841	289.00000
546.84905	-134.00000
546.90970	98.00000
546.97034	166.00000
547.03098	68.00000
547.09162	188.00000
547.15225	114.00000
547.21289	114.00000
547.27352	157.00000
547.33415	92.00000
547.39478	113.00000
547.45540	290.00000
547.51603	50.00000
547.57665	150.00000
547.63727	-70.00000
547.69789	18.00000
547.75850	80.00000
547.81912	-3.00000
547.87973	96.00000
547.94034	-70.00000
548.00095	356.00000
548.06155	37.00000
548.12216	128.00000
548.18276	-98.00000
548.24336	177.00000
548.30396	80.00000
548.36455	134.00000
548.42515	128.00000
548.48574	44.00000
548.54633	264.00000
548.60692	75.00000
548.66750	144.00000
548.72809	114.00000
548.78867	-46.00000
548.84925	258.00000
548.90983	237.00000
548.97040	160.00000
549.03098	69.00000
549.09155	112.00000
549.15212	230.00000
549.21269	246.00000
549.27325	91.00000
549.33382	290.00000
549.39438	48.00000
549.45494	10.00000
549.51550	2.00000
549.57605	61.00000
549.63661	80.00000
549.69716	-18.00000
549.75771	18.00000
549.81826	-46.00000
549.87880	82.00000
549.93935	109.00000
549.99989	63.00000
550.06043	-53.00000
550.12097	-6.00000
550.18150	330.00000
550.24204	146.00000
550.30257	369.00000
550.36310	62.00000
550.42363	189.00000
550.48415	80.00000
550.54468	110.00000
550.60520	241.00000
550.66572	64.00000
550.72624	50.00000
550.78675	82.00000
550.84727	162.00000
550.90778	242.00000
550.96829	32.00000
551.02880	92.00000
551.08930	221.00000
551.14981	192.00000
551.21031	82.00000
551.27081	76.00000
551.33131	256.00000
551.39180	-30.00000
551.45230	346.00000
551.51279	34.00000
551.57328	322.00000
551.63377	114.00000
551.69425	156.00000
551.75474	126.00000
551.81522	18.00000
551.87570	14.00000
551.93618	50.00000
551.99665	0.00000
552.05713	142.00000
552.11760	-21.00000
552.17807	224.00000
552.23854	288.00000
552.29900	240.00000
552.35947	-28.00000
552.41993	70.00000
552.48039	82.00000
552.54085	-78.00000
552.60130	-18.00000
552.66176	204.00000
552.72221	108.00000
552.78266	178.00000
552.84311	16.00000
552.90355	110.00000
552.96400	198.00000
553.02444	16.00000
553.08488	-52.00000
553.14532	73.00000
553.20575	92.00000
553.26619	267.00000
553.32662	142.00000
553.38705	78.00000
553.44748	254.00000
553.50790	117.00000
553.56833	0.00000
553.62875	55.00000
553.68917	86.00000
553.74959	96.00000
553.81000	-14.00000
553.87042	-21.00000
553.93083	180.00000
553.99124	48.00000
554.05165	124.00000
554.11205	134.00000
554.17246	174.00000
554.23286	188.00000
554.29326	48.00000
554.35366	-36.00000
554.41405	16.00000
554.47445	98.00000
554.53484	89.00000
554.59523	186.00000
554.65562	158.00000
554.71600	112.00000
554.77639	112.00000
554.83677	242.00000
554.89715	48.00000
554.95753	92.00000
555.01790	272.00000
555.07828	242.00000
555.13865	240.00000
555.19902	-52.00000
555.25939	146.00000
555.31975	128.00000
555.38012	154.00000
555.44048	-74.00000
555.50084	235.00000
555.56120	54.00000
555.62155	-86.00000
555.68191	112.00000
555.74226	396.00000
555.80261	142.00000
555.86296	244.00000
555.92330	77.00000
555.98365	144.00000
556.04399	160.00000
556.10433	191.00000
556.16467	64.00000
556.22500	47.00000
556.28534	193.00000
556.34567	130.00000
556.40600	202.00000
556.46633	195.00000
556.52665	68.00000
556.58698	128.00000
556.64730	75.00000
556.70762	224.00000
556.76794	176.00000
556.82825	77.00000
556.88857	222.00000
556.94888	130.00000
557.00919	272.00000
557.06950	-7.00000
557.12980	89.00000
557.19011	230.00000
557.25041	236.00000
557.31071	16.00000
557.37101	142.00000
557.43130	-70.00000
557.49160	256.00000
557.55189	37.00000
557.61218	2.00000
557.67247	48.00000
557.73275	169.00000
557.79304	-32.00000
557.85332	118.00000
557.91360	80.00000
557.97388	193.00000
558.03415	16.00000
558.09443	-80.00000
558.15470	174.00000
558.21497	218.00000
558.27524	145.00000
558.33550	265.00000
558.39577	238.00000
558.45603	253.00000
558.51629	112.00000
558.57655	47.00000
558.63680	-38.00000
558.69706	256.00000
558.75731	96.00000
558.81756	106.00000
558.87781	189.00000
558.93805	-41.00000
558.99830	144.00000
559.05854	-66.00000
559.11878	328.00000
559.17902	160.00000
559.23925	79.00000
559.29949	158.00000
559.35972	149.00000
559.41995	32.00000
559.48018	12.00000
559.54040	181.00000
559.60063	75.00000
559.66085	42.00000
559.72107	226.00000
559.78129	165.00000
559.84150	-16.00000
559.90172	68.00000
559.96193	32.00000
560.02214	208.00000
560.08235	2.00000
560.14255	162.00000
560.20276	140.00000
560.26296	-82.00000
560.32316	216.00000
560.38336	238.00000
560.44355	-102.00000
560.50375	160.00000
560.56394	100.00000
560.62413	-94.00000
560.68432	41.00000
560.74450	58.00000
560.80469	192.00000
560.86487	202.00000
560.92505	100.00000
560.98523	130.00000
561.04540	144.00000
561.10558	-2.00000
561.16575	74.00000
561.22592	154.00000
561.28609	174.00000
561.34625	46.00000
561.40642	162.00000
561.46658	114.00000
561.52674	302.00000
561.58690	78.00000
561.64705	32.00000
561.70721	252.00000
561.76736	30.00000
561.82751	-70.00000
561.88766	111.00000
561.94780	100.00000
562.00795	-66.00000
562.06809	227.00000
562.12823	-26.00000
562.18837	161.00000
562.24850	158.00000
562.30864	122.00000
562.36877	78.00000
562.42890	244.00000
562.48903	274.00000
562.54915	122.00000
562.60928	191.00000
562.66940	70.00000
562.72952	62.00000
562.78964	-12.00000
562.84975	-10.00000
562.90987	-62.00000
562.96998	10.00000
563.03009	94.00000
563.09020	192.00000
563.15030	116.00000
563.21041	96.00000
563.27051	259.00000
563.33061	70.00000
563.39071	32.00000
563.45080	20.00000
563.51090	112.00000
563.57099	213.00000
563.63108	37.00000
563.69117	64.00000
563.75125	68.00000
563.81134	212.00000
563.87142	68.00000
563.93150	218.00000
563.99158	132.00000
564.05165	179.00000
564.11173	94.00000
564.17180	277.00000
564.23187	244.00000
564.29194	212.00000
564.35200	94.00000
564.41207	147.00000
564.47213	160.00000
564.53219	-4.00000
564.59225	94.00000
564.65230	288.00000
564.71236	177.00000
564.77241	70.00000
564.83246	235.00000
564.89251	144.00000
564.95255	0.00000
565.01260	38.00000
565.07264	-26.00000
565.13268	112.00000
565.19272	-52.00000
565.25275	137.00000
565.31279	53.00000
565.37282	229.00000
565.43285	192.00000
565.49288	341.00000
565.55290	-83.00000
565.61293	129.00000
565.67295	278.00000
565.73297	80.00000
565.79299	67.00000
565.85300	304.00000
565.91302	-80.00000
565.97303	0.00000
566.03304	55.00000
566.09305	92.00000
566.15305	18.00000
566.21306	153.00000
566.27306	52.00000
566.33306	160.00000
566.39306	224.00000
566.45305	124.00000
566.51305	189.00000
566.57304	54.00000
566.63303	171.00000
566.69302	178.00000
566.75300	121.00000
566.81299	20.00000
566.87297	306.00000
566.93295	114.00000
566.99293	-12.00000
567.05290	-6.00000
567.11288	-94.00000
567.17285	-46.00000
567.23282	132.00000
567.29279	124.00000
567.35275	-96.00000
567.41272	-20.00000
567.47268	176.00000
567.53264	14.00000
567.59260	130.00000
567.65255	128.00000
567.71251	154.00000
567.77246	70.00000
567.83241	134.00000
567.89236	102.00000
567.95230	10.00000
568.01225	292.00000
568.07219	187.00000
568.13213	-2.00000
568.19207	77.00000
568.25200	198.00000
568.31194	164.00000
568.37187	160.00000
568.43180	122.00000
568.49173	86.00000
568.55165	135.00000
568.61158	288.00000
568.67150	38.00000
568.73142	306.00000
568.79134	-16.00000
568.85125	148.00000
568.91117	66.00000
568.97108	147.00000
569.03099	161.00000
569.09090	226.00000
569.15080	184.00000
569.21071	2.00000
569.27061	173.00000
569.33051	114.00000
569.39041	195.00000
569.45030	118.00000
569.51020	96.00000
569.57009	80.00000
569.62998	112.00000
569.68987	-18.00000
569.74975	162.00000
569.80964	-7.00000
569.86952	-109.00000
569.92940	236.00000
569.98928	82.00000
570.04915	282.00000
570.10903	152.00000
570.16890	60.00000
570.22877	225.00000
570.28864	142.00000
570.34850	144.00000
570.40837	-96.00000
570.46823	146.00000
570.52809	123.00000
570.58795	-40.00000
570.64780	33.00000
570.70766	14.00000
570.76751	94.00000
570.82736	-4.00000
570.88721	192.00000
570.94705	54.00000
571.00690	240.00000
571.06674	221.00000
571.12658	306.00000
571.18642	28.00000
571.24625	48.00000
571.30609	50.00000
571.36592	160.00000
571.42575	32.00000
571.48558	102.00000
571.54540	18.00000
571.60523	2.00000
571.66505	-38.00000
571.72487	64.00000
571.78469	66.00000
571.84450	142.00000
571.90432	173.00000
571.96413	-16.00000
572.02394	122.00000
572.08375	121.00000
572.14355	-7.00000
572.20336	226.00000
572.26316	48.00000
572.32296	-78.00000
572.38276	8.00000
572.44255	50.00000
572.50235	114.00000
572.56214	32.00000
572.62193	-18.00000
572.68172	326.00000
572.74150	-16.00000
572.80129	104.00000
572.86107	106.00000
572.92085	-20.00000
572.98063	110.00000
573.04040	144.00000
573.10018	174.00000
573.15995	4.00000
573.21972	50.00000
573.27949	-27.00000
573.33925	224.00000
573.39902	0.00000
573.45878	82.00000
573.51854	-116.00000
573.57830	-48.00000
573.63805	58.00000
573.69781	176.00000
573.75756	-48.00000
573.81731	190.00000
573.87706	208.00000
573.93680	64.00000
573.99655	150.00000
574.05629	106.00000
574.11603	120.00000
574.17577	246.00000
574.23550	-52.00000
574.29524	134.00000
574.35497	142.00000
574.41470	202.00000
574.47443	60.00000
574.53415	124.00000
574.59388	128.00000
574.65360	154.00000
574.71332	-26.00000
574.77304	48.00000
574.83275	68.00000
574.89247	186.00000
574.95218	230.00000
575.01189	190.00000
575.07160	242.00000
575.13130	6.00000
575.19101	80.00000
575.25071	82.00000
575.31041	-16.00000
575.37011	110.00000
575.42980	154.00000
575.48950	14.00000
575.54919	78.00000
575.60888	50.00000
575.66857	208.00000
575.72825	160.00000
575.78794	34.00000
575.84762	85.00000
575.90730	178.00000
575.96698	32.00000
576.02665	84.00000
576.08633	48.00000
576.14600	-16.00000
576.20567	64.00000
576.26534	193.00000
576.32500	126.00000
576.38467	78.00000
576.44433	158.00000
576.50399	80.00000
576.56365	80.00000
576.62330	261.00000
576.68296	148.00000
576.74261	214.00000
576.80226	226.00000
576.86191	64.00000
576.92155	190.00000
576.98120	-34.00000
577.04084	76.00000
577.10048	-70.00000
577.16012	100.00000
577.21975	98.00000
577.27939	78.00000
577.33902	126.00000
577.39865	118.00000
577.45828	-12.00000
577.51790	144.00000
577.57753	-125.00000
577.63715	62.00000
577.69677	62.00000
577.75639	242.00000
577.81600	242.00000
577.87562	240.00000
577.93523	270.00000
577.99484	96.00000
578.05445	288.00000
578.11405	21.00000
578.17366	242.00000
578.23326	128.00000
578.29286	318.00000
578.35246	-32.00000
578.41205	110.00000
578.47165	110.00000
578.53124	238.00000
578.59083	226.00000
578.65042	-32.00000
578.71000	39.00000
578.76959	-17.00000
578.82917	94.00000
578.88875	-48.00000
578.94833	335.00000
579.00790	80.00000
579.06748	190.00000
579.12705	100.00000
579.18662	254.00000
579.24619	13.00000
579.30575	308.00000
579.36532	-65.00000
579.42488	219.00000
579.48444	79.00000
579.54400	14.00000
579.60355	-226.00000
579.66311	158.00000
579.72266	94.00000
579.78221	160.00000
579.84176	11.00000
579.90130	212.00000
579.96085	271.00000
580.02039	-80.00000
580.07993	201.00000
580.13947	-65.00000
580.19900	336.00000
580.25854	182.00000
580.31807	16.00000
580.37760	126.00000
580.43713	182.00000
580.49665	244.00000
580.55618	148.00000
580.61570	194.00000
580.67522	106.00000
580.73474	18.00000
580.79425	94.00000
580.85377	-6.00000
580.91328	341.00000
580.97279	217.00000
581.03230	110.00000
581.09180	256.00000
581.15131	38.00000
581.21081	-144.00000
581.27031	206.00000
581.32981	66.00000
581.38930	50.00000
581.44880	194.00000
581.50829	-82.00000
581.56778	10.00000
581.62727	110.00000
581.68675	270.00000
581.74624	32.00000
581.80572	38.00000
581.86520	138.00000
581.92468	74.00000
581.98415	197.00000
582.04363	221.00000
582.10310	366.00000
582.16257	206.00000
582.22204	255.00000
582.28150	-16.00000
582.34097	142.00000
582.40043	-214.00000
582.45989	126.00000
582.51935	436.00000
582.57880	210.00000
582.63826	254.00000
582.69771	214.00000
582.75716	132.00000
582.81661	-50.00000
582.87605	176.00000
582.93550	224.00000
582.99494	78.00000
583.05438	224.00000
583.11382	84.00000
583.17325	-12.00000
583.23269	84.00000
583.29212	57.00000
583.35155	138.00000
583.41098	349.00000
583.47040	78.00000
583.52983	44.00000
583.58925	244.00000
583.64867	80.00000
583.70809	122.00000
583.76750	286.00000
583.82692	134.00000
583.88633	230.00000
583.94574	183.00000
584.00515	51.00000
584.06455	128.00000
584.12396	166.00000
584.18336	200.00000
584.24276	48.00000
584.30216	253.00000
584.36155	-119.00000
584.42095	78.00000
584.48034	209.00000
584.53973	74.00000
584.59912	112.00000
584.65850	274.00000
584.71789	116.00000
584.77727	120.00000
584.83665	-128.00000
584.89603	80.00000
584.95540	184.00000
585.01478	192.00000
585.07415	56.00000
585.13352	287.00000
585.19289	166.00000
585.25225	112.00000
585.31162	64.00000
585.37098	365.00000
585.43034	208.00000
585.48970	14.00000
585.54905	60.00000
585.60841	264.00000
585.66776	25.00000
585.72711	146.00000
585.78646	478.00000
585.84580	186.00000
585.90515	100.00000
585.96449	200.00000
586.02383	294.00000
586.08317	112.00000
586.14250	64.00000
586.20184	112.00000
586.26117	164.00000
586.32050	300.00000
586.37983	260.00000
586.43915	140.00000
586.49848	112.00000
586.55780	198.00000
586.61712	196.00000
586.67644	182.00000
586.73575	80.00000
586.79507	-190.00000
586.85438	264.00000
586.91369	336.00000
586.97300	336.00000
587.03230	2.00000
587.09161	224.00000
587.15091	224.00000
587.21021	80.00000
587.26951	112.00000
587.32880	154.00000
587.38810	169.00000
587.44739	202.00000
587.50668	78.00000
587.56597	-32.00000
587.62525	242.00000
587.68454	86.00000
587.74382	90.00000
587.80310	18.00000
587.86238	52.00000
587.92165	-16.00000
587.98093	96.00000
588.04020	208.00000
588.09947	-2.00000
588.15874	84.00000
588.21800	180.00000
588.27727	-78.00000
588.33653	64.00000
588.39579	258.00000
588.45505	214.00000
588.51430	44.00000
588.57356	136.00000
588.63281	116.00000
588.69206	400.00000
588.75131	54.00000
588.81055	156.00000
588.86980	176.00000
588.92904	168.00000
588.98828	-60.00000
589.04752	232.00000
589.10675	186.00000
589.16599	460.00000
589.22522	228.00000
589.28445	270.00000
589.34368	256.00000
589.40290	154.00000
589.46213	242.00000
589.52135	266.00000
589.58057	336.00000
589.63979	176.00000
589.69900	160.00000
589.75822	84.00000
589.81743	370.00000
589.87664	263.00000
589.93585	446.00000
589.99505	130.00000
590.05426	32.00000
590.11346	136.00000
590.17266	274.00000
590.23186	478.00000
590.29105	136.00000
590.35025	162.00000
590.40944	252.00000
590.46863	176.00000
590.52782	-494.00000
590.58700	226.00000
590.64619	114.00000
590.70537	130.00000
590.76455	-112.00000
590.82373	388.00000
590.88290	266.00000
590.94208	94.00000
591.00125	-38.00000
591.06042	322.00000
591.11959	127.00000
591.17875	256.00000
591.23792	528.00000
591.29708	46.00000
591.35624	144.00000
591.41540	112.00000
591.47455	66.00000
591.53371	306.00000
591.59286	350.00000
591.65201	406.00000
591.71116	258.00000
591.77030	34.00000
591.82945	178.00000
591.88859	336.00000
591.94773	220.00000
592.00687	182.00000
592.06600	336.00000
592.12514	428.00000
592.18427	590.00000
592.24340	304.00000
592.30253	178.00000
592.36165	14.00000
592.42078	220.00000
592.47990	558.00000
592.53902	210.00000
592.59814	304.00000
592.65725	112.00000
592.71637	336.00000
592.77548	384.00000
592.83459	684.00000
592.89370	322.00000
592.95280	380.00000
593.01191	272.00000
593.07101	218.00000
593.13011	398.00000
593.18921	562.00000
593.24830	179.00000
593.30740	363.00000
593.36649	452.00000
593.42558	320.00000
593.48467	530.00000
593.54375	454.00000
593.60284	192.00000
593.66192	498.00000
593.72100	304.00000
593.78008	382.00000
593.83915	546.00000
593.89823	663.00000
593.95730	396.00000
594.01637	486.00000
594.07544	412.00000
594.13450	384.00000
594.19357	610.00000
594.25263	480.00000
594.31169	626.00000
594.37075	722.00000
594.42980	822.00000
594.48886	678.00000
594.54791	530.00000
594.60696	652.00000
594.66601	674.00000
594.72505	474.00000
594.78410	706.00000
594.84314	556.00000
594.90218	624.00000
594.96122	576.00000
595.02025	892.00000
595.07929	638.00000
595.13832	668.00000
595.19735	614.00000
595.25638	816.00000
595.31540	708.00000
595.37443	650.00000
595.43345	880.00000
595.49247	870.00000
595.55149	784.00000
595.61050	636.00000
595.66952	592.00000
595.72853	736.00000
595.78754	912.00000
595.84655	770.00000
595.90555	766.00000
595.96456	668.00000
596.02356	990.00000
596.08256	894.00000
596.14156	738.00000
596.20055	1036.00000
596.25955	804.00000
596.31854	980.00000
596.37753	1040.00000
596.43652	1152.00000
596.49550	884.00000
596.55449	1058.00000
596.61347	1134.00000
596.67245	1134.00000
596.73143	1078.00000
596.79040	918.00000
596.84938	999.00000
596.90835	878.00000
596.96732	1075.00000
597.02629	1012.00000
597.08525	1138.00000
597.14422	1367.00000
597.20318	1278.00000
597.26214	1229.00000
597.32110	1470.00000
597.38005	1346.00000
597.43901	1244.00000
597.49796	1444.00000
597.55691	1550.00000
597.61586	1198.00000
597.67480	1248.00000
597.73375	1262.00000
597.79269	1424.00000
597.85163	1360.00000
597.91057	1710.00000
597.96950	1472.00000
598.02844	1552.00000
598.08737	1680.00000
598.14630	1038.00000
598.20523	1440.00000
598.26415	1506.00000
598.32308	1632.00000
598.38200	1482.00000
598.44092	1504.00000
598.49984	1839.00000
598.55875	1892.00000
598.61767	1152.00000
598.67658	1808.00000
598.73549	1790.00000
598.79440	1572.00000
598.85330	1760.00000
598.91221	1574.00000
598.97111	1748.00000
599.03001	2004.00000
599.08891	2002.00000
599.14780	2061.00000
599.20670	1854.00000
599.26559	2016.00000
599.32448	2028.00000
599.38337	2000.00000
599.44225	2242.00000
599.50114	1972.00000
599.56002	2158.00000
599.61890	2110.00000
599.67778	2400.00000
599.73665	2202.00000
599.79553	2016.00000
599.85440	2446.00000
599.91327	2566.00000
599.97214	2162.00000
600.03100	2324.00000
600.08987	2430.00000
600.14873	2431.00000
600.20759	2164.00000
600.26645	2390.00000
600.32530	2526.00000
600.38416	2164.00000
600.44301	2928.00000
600.50186	2384.00000
600.56071	2398.00000
600.61955	2592.00000
600.67840	2864.00000
600.73724	2454.00000
600.79608	2592.00000
600.85492	2884.00000
600.91375	2372.00000
600.97259	2602.00000
601.03142	3008.00000
601.09025	2757.00000
601.14908	2654.00000
601.20790	2928.00000
601.26673	3172.00000
601.32555	3070.00000
601.38437	3006.00000
601.44319	3152.00000
601.50200	2692.00000
601.56082	3002.00000
601.61963	3348.00000
601.67844	3388.00000
601.73725	2833.00000
601.79605	3309.00000
601.85486	3506.00000
601.91366	3270.00000
601.97246	3144.00000
602.03126	3991.00000
602.09005	3072.00000
602.14885	3506.00000
602.20764	3276.00000
602.26643	3236.00000
602.32522	3564.00000
602.38400	3744.00000
602.44279	3759.00000
602.50157	3404.00000
602.56035	3600.00000
602.61913	4217.00000
602.67790	3840.00000
602.73668	3710.00000
602.79545	4176.00000
602.85422	4138.00000
602.91299	3548.00000
602.97175	3824.00000
603.03052	3983.00000
603.08928	3990.00000
603.14804	4096.00000
603.20680	4498.00000
603.26555	3714.00000
603.32431	4223.00000
603.38306	4406.00000
603.44181	4570.00000
603.50056	3966.00000
603.55930	4528.00000
603.61805	4724.00000
603.67679	4243.00000
603.73553	3984.00000
603.79427	4490.00000
603.85300	4576.00000
603.91174	4192.00000
603.97047	4865.00000
604.02920	4844.00000
604.08793	4208.00000
604.14665	4413.00000
604.20538	5426.00000
604.26410	4720.00000
604.32282	4368.00000
604.38154	5007.00000
604.44025	4960.00000
604.49897	4316.00000
604.55768	4982.00000
604.61639	5327.00000
604.67510	4672.00000
604.73380	5040.00000
604.79251	5638.00000
604.85121	5270.00000
604.90991	4576.00000
604.96861	5555.00000
605.02730	5126.00000
605.08600	5296.00000
605.14469	4991.00000
605.20338	5470.00000
605.26207	5373.00000
605.32075	5039.00000
605.37944	5666.00000
605.43812	5462.00000
605.49680	4945.00000
605.55548	5485.00000
605.61415	5913.00000
605.67283	5278.00000
605.73150	5581.00000
605.79017	6100.00000
605.84884	5692.00000
605.90750	5355.00000
605.96617	5760.00000
606.02483	6054.00000
606.08349	5817.00000
606.14215	5558.00000
606.20080	5746.00000
606.25946	5618.00000
606.31811	5844.00000
606.37676	6267.00000
606.43541	6370.00000
606.49405	5967.00000
606.55270	6272.00000
606.61134	6612.00000
606.66998	5890.00000
606.72862	6011.00000
606.78725	6722.00000
606.84589	6239.00000
606.90452	6353.00000
606.96315	6622.00000
607.02178	6610.00000
607.08040	6016.00000
607.13903	6461.00000
607.19765	7010.00000
607.25627	6356.00000
607.31489	6882.00000
607.37350	7291.00000
607.43212	7041.00000
607.49073	6658.00000
607.54934	7259.00000
607.60795	7287.00000
607.66655	6962.00000
607.72516	7181.00000
607.78376	7260.00000
607.84236	7242.00000
607.90096	6886.00000
607.95955	7814.00000
608.01815	7072.00000
608.07674	7223.00000
608.13533	7458.00000
608.19392	7936.00000
608.25250	7168.00000
608.31109	7426.00000
608.36967	8402.00000
608.42825	7494.00000
608.48683	7210.00000
608.54540	7906.00000
608.60398	8182.00000
608.66255	7750.00000
608.72112	7894.00000
608.77969	8226.00000
608.83825	8101.00000
608.89682	7702.00000
608.95538	8754.00000
609.01394	8445.00000
609.07250	7942.00000
609.13105	8466.00000
609.18961	9261.00000
609.24816	8754.00000
609.30671	8252.00000
609.36526	9358.00000
609.42380	9186.00000
609.48235	8738.00000
609.54089	8726.00000
609.59943	8941.00000
609.65797	8690.00000
609.71650	8722.00000
609.77504	9218.00000
609.83357	8914.00000
609.89210	8934.00000
609.95063	9366.00000
610.00915	9617.00000
610.06768	8578.00000
610.12620	8720.00000
610.18472	10413.00000
610.24324	10098.00000
610.30175	9158.00000
610.36027	9362.00000
610.41878	10087.00000
610.47729	9146.00000
610.53580	9606.00000
610.59430	10369.00000
610.65281	9874.00000
610.71131	9874.00000
610.76981	9994.00000
610.82831	9894.00000
610.88680	9570.00000
610.94530	10482.00000
611.00379	11346.00000
611.06228	10338.00000
611.12077	10234.00000
611.17925	10767.00000
611.23774	11135.00000
611.29622	10050.00000
611.35470	10640.00000
611.41318	11218.00000
611.47165	11222.00000
611.53013	10354.00000
611.58860	10538.00000
611.64707	11027.00000
611.70554	10144.00000
611.76400	11476.00000
611.82247	11458.00000
611.88093	11010.00000
611.93939	10866.00000
611.99785	11963.00000
612.05630	11826.00000
612.11476	11286.00000
612.17321	11942.00000
612.23166	12650.00000
612.29011	12242.00000
612.34855	11618.00000
612.40700	13010.00000
612.46544	12875.00000
612.52388	12346.00000
612.58232	12396.00000
612.64075	12494.00000
612.69919	12143.00000
612.75762	11830.00000
612.81605	12222.00000
612.87448	12471.00000
612.93290	12194.00000
612.99133	13052.00000
613.04975	12674.00000
613.10817	11892.00000
613.16659	12236.00000
613.22500	13596.00000
613.28342	13310.00000
613.34183	12494.00000
613.40024	13276.00000
613.45865	13939.00000
613.51705	13103.00000
613.57546	12752.00000
613.63386	13922.00000
613.69226	13858.00000
613.75066	14142.00000
613.80905	13260.00000
613.86745	13307.00000
613.92584	13234.00000
613.98423	13372.00000
614.04262	14162.00000
614.10100	13463.00000
614.15939	13935.00000
614.21777	14478.00000
614.27615	14128.00000
614.33453	13538.00000
614.39290	13723.00000
614.45128	15394.00000
614.50965	14930.00000
614.56802	14651.00000
614.62639	14560.00000
614.68475	15730.00000
614.74312	14775.00000
614.80148	14498.00000
614.85984	15520.00000
614.91820	15494.00000
614.97655	15637.00000
615.03491	15255.00000
615.09326	15414.00000
615.15161	14774.00000
615.20996	14878.00000
615.26830	16080.00000
615.32665	15488.00000
615.38499	15460.00000
615.44333	15890.00000
615.50167	16290.00000
615.56000	15412.00000
615.61834	15804.00000
615.67667	17300.00000
615.73500	17280.00000
615.79333	16400.00000
615.85165	16794.00000
615.90998	17792.00000
615.96830	16620.00000
616.02662	16596.00000
616.08494	17296.00000
616.14325	18400.00000
616.20157	17934.00000
616.25988	16928.00000
616.31819	17408.00000
616.37650	17328.00000
616.43480	17490.00000
616.49311	18428.00000
616.55141	18004.00000
616.60971	17922.00000
616.66801	17812.00000
616.72630	17974.00000
616.78460	17476.00000
616.84289	17444.00000
616.90118	19451.00000
616.95947	19520.00000
617.01775	18672.00000
617.07604	17938.00000
617.13432	18859.00000
617.19260	19186.00000
617.25088	18964.00000
617.30915	20068.00000
617.36743	20991.00000
617.42570	20498.00000
617.48397	19253.00000
617.54224	19472.00000
617.60050	20244.00000
617.65877	19746.00000
617.71703	20422.00000
617.77529	19766.00000
617.83355	20390.00000
617.89180	19526.00000
617.95006	20160.00000
618.00831	19935.00000
618.06656	20020.00000
618.12481	21502.00000
618.18305	21398.00000
618.24130	21100.00000
618.29954	20738.00000
618.35778	20482.00000
618.41602	21170.00000
618.47425	20366.00000
618.53249	21424.00000
618.59072	22545.00000
618.64895	22783.00000
618.70718	21878.00000
618.76540	22405.00000
618.82363	23040.00000
618.88185	22884.00000
618.94007	22914.00000
618.99829	23636.00000
619.05650	23910.00000
619.11472	22222.00000
619.17293	22070.00000
619.23114	22708.00000
619.28935	23090.00000
619.34755	23953.00000
619.40576	23844.00000
619.46396	24292.00000
619.52216	23828.00000
619.58036	23530.00000
619.63855	23346.00000
619.69675	22722.00000
619.75494	23684.00000
619.81313	24889.00000
619.87132	24098.00000
619.92950	24353.00000
619.98769	23900.00000
620.04587	26132.00000
620.10405	25347.00000
620.16223	25588.00000
620.22040	26519.00000
620.27858	26562.00000
620.33675	25775.00000
620.39492	25088.00000
620.45309	26084.00000
620.51125	26658.00000
620.56942	26686.00000
620.62758	28100.00000
620.68574	28558.00000
620.74390	28574.00000
620.80205	26775.00000
620.86021	26398.00000
620.91836	26820.00000
620.97651	27184.00000
621.03466	28833.00000
621.09280	27780.00000
621.15095	28438.00000
621.20909	29010.00000
621.26723	27826.00000
621.32537	28614.00000
621.38350	28190.00000
621.44164	29010.00000
621.49977	29236.00000
621.55790	28218.00000
621.61603	28674.00000
621.67415	29079.00000
621.73228	29361.00000
621.79040	29013.00000
621.84852	29293.00000
621.90664	30372.00000
621.96475	30260.00000
622.02287	29541.00000
622.08098	28254.00000
622.13909	29722.00000
622.19720	30066.00000
622.25530	30289.00000
622.31341	32018.00000
622.37151	32541.00000
622.42961	32102.00000
622.48771	30546.00000
622.54580	29968.00000
622.60390	30644.00000
622.66199	31031.00000
622.72008	32318.00000
622.77817	32910.00000
622.83625	33434.00000
622.89434	32567.00000
622.95242	32357.00000
623.01050	32212.00000
623.06858	32148.00000
623.12665	33366.00000
623.18473	32883.00000
623.24280	32558.00000
623.30087	33198.00000
623.35894	32741.00000
623.41700	33348.00000
623.47507	32582.00000
623.53313	33840.00000
623.59119	34430.00000
623.64925	32686.00000
623.70730	32807.00000
623.76536	32900.00000
623.82341	33879.00000
623.88146	33853.00000
623.93951	33182.00000
623.99755	35127.00000
624.05560	34338.00000
624.11364	33648.00000
624.17168	34164.00000
624.22972	34912.00000
624.28775	35108.00000
624.34579	34336.00000
624.40382	35393.00000
624.46185	36401.00000
624.51988	35728.00000
624.57790	34950.00000
624.63593	35222.00000
624.69395	36005.00000
624.75197	35861.00000
624.80999	36356.00000
624.86800	37811.00000
624.92602	37472.00000
624.98403	37233.00000
625.04204	38173.00000
625.10005	37441.00000
625.15805	37808.00000
625.21606	38009.00000
625.27406	39095.00000
625.33206	38704.00000
625.39006	38575.00000
625.44805	39025.00000
625.50605	39103.00000
625.56404	39202.00000
625.62203	38713.00000
625.68002	40352.00000
625.73800	39840.00000
625.79599	39553.00000
625.85397	40966.00000
625.91195	40272.00000
625.96993	40049.00000
626.02790	39636.00000
626.08588	40885.00000
626.14385	41814.00000
626.20182	40611.00000
626.25979	40861.00000
626.31775	41473.00000
626.37572	41444.00000
626.43368	41398.00000
626.49164	40611.00000
626.54960	42800.00000
626.60755	42294.00000
626.66551	42180.00000
626.72346	42511.00000
626.78141	42769.00000
626.83936	42223.00000
626.89730	41604.00000
626.95525	42643.00000
627.01319	44316.00000
627.07113	41856.00000
627.12907	43680.00000
627.18700	44134.00000
627.24494	42242.00000
627.30287	42102.00000
627.36080	42582.00000
627.41873	44212.00000
627.47665	44183.00000
627.53458	42462.00000
627.59250	43910.00000
627.65042	43558.00000
627.70834	43047.00000
627.76625	43443.00000
627.82417	43907.00000
627.88208	45014.00000
627.93999	44278.00000
627.99790	44290.00000
628.05580	46165.00000
628.11371	43310.00000
628.17161	44321.00000
628.22951	44533.00000
628.28741	46241.00000
628.34530	45846.00000
628.40320	45638.00000
628.46109	46055.00000
628.51898	46295.00000
628.57687	44738.00000
628.63475	45264.00000
628.69264	46630.00000
628.75052	46692.00000
628.80840	47232.00000
628.86628	47654.00000
628.92415	48003.00000
628.98203	46882.00000
629.03990	45815.00000
629.09777	47447.00000
629.15564	47911.00000
629.21350	48432.00000
629.27137	48423.00000
629.32923	49975.00000
629.38709	48670.00000
629.44495	47655.00000
629.50280	48951.00000
629.56066	48934.00000
629.61851	49330.00000
629.67636	49223.00000
629.73421	50415.00000
629.79205	51714.00000
629.84990	48416.00000
629.90774	48710.00000
629.96558	51516.00000
630.02342	50562.00000
630.08125	50231.00000
630.13909	51767.00000
630.19692	52739.00000
630.25475	52807.00000
630.31258	49301.00000
630.37040	50156.00000
630.42823	52007.00000
630.48605	50560.00000
630.54387	51450.00000
630.60169	52867.00000
630.65950	52885.00000
630.71732	52772.00000
630.77513	50634.00000
630.83294	52791.00000
630.89075	52488.00000
630.94855	50588.00000
631.00636	51509.00000
631.06416	52823.00000
631.12196	52887.00000
631.17976	52675.00000
631.23755	52624.00000
631.29535	52787.00000
631.35314	50759.00000
631.41093	50502.00000
631.46872	52758.00000
631.52650	52897.00000
631.58429	52898.00000
631.64207	52935.00000
631.69985	52833.00000
631.75763	52741.00000
631.81540	49776.00000
631.87318	51429.00000
631.93095	53045.00000
631.98872	52897.00000
632.04649	52135.00000
632.10425	52759.00000
632.16202	52871.00000
632.21978	51570.00000
632.27754	49055.00000
632.33530	51763.00000
632.39305	52663.00000
632.45081	52048.00000
632.50856	51050.00000
632.56631	52967.00000
632.62406	52999.00000
632.68180	49222.00000
632.73955	47973.00000
632.79729	51223.00000
632.85503	51015.00000
632.91277	49492.00000
632.97050	50943.00000
633.02824	52967.00000
633.08597	52975.00000
633.14370	48306.00000
633.20143	48576.00000
633.25915	50906.00000
633.31688	48724.00000
633.37460	48638.00000
633.43232	51168.00000
633.49004	52759.00000
633.54775	50999.00000
633.60547	48087.00000
633.66318	49780.00000
633.72089	48944.00000
633.77860	46481.00000
633.83630	48094.00000
633.89401	49988.00000
633.95171	51684.00000
634.00941	48656.00000
634.06711	47836.00000
634.12480	49168.00000
634.18250	46560.00000
634.24019	44592.00000
634.29788	46416.00000
634.35557	48848.00000
634.41325	49104.00000
634.47094	47776.00000
634.52862	47216.00000
634.58630	48098.00000
634.64398	45650.00000
634.70165	42948.00000
634.75933	45158.00000
634.81700	46400.00000
634.87467	45953.00000
634.93234	45461.00000
634.99000	45825.00000
635.04767	46036.00000
635.10533	43626.00000
635.16299	40496.00000
635.22065	42752.00000
635.27830	43168.00000
635.33596	42500.00000
635.39361	42679.00000
635.45126	44485.00000
635.50891	44977.00000
635.56655	41598.00000
635.62420	39509.00000
635.68184	41316.00000
635.73948	40388.00000
635.79712	39792.00000
635.85475	40262.00000
635.91239	42786.00000
635.97002	42654.00000
636.02765	39774.00000
636.08528	38382.00000
636.14290	39744.00000
636.20053	37060.00000
636.25815	36590.00000
636.31577	37582.00000
636.37339	40742.00000
636.43100	39977.00000
636.48862	36914.00000
636.54623	37756.00000
636.60384	38086.00000
636.66145	34558.00000
636.71905	33746.00000
636.77666	34615.00000
636.83426	36608.00000
636.89186	35680.00000
636.94946	35554.00000
637.00705	36316.00000
637.06465	35761.00000
637.12224	31810.00000
637.17983	31348.00000
637.23742	32877.00000
637.29500	33365.00000
637.35259	31444.00000
637.41017	32055.00000
637.46775	34308.00000
637.52533	32462.00000
637.58290	29590.00000
637.64048	30431.00000
637.69805	30640.00000
637.75562	29077.00000
637.81319	27906.00000
637.87075	29904.00000
637.92832	30994.00000
637.98588	29282.00000
638.04344	26580.00000
638.10100	27470.00000
638.15855	28337.00000
638.21611	25700.00000
638.27366	24766.00000
638.33121	27120.00000
638.38876	27991.00000
638.44630	26497.00000
638.50385	25381.00000
638.56139	25860.00000
638.61893	25902.00000
638.67647	23510.00000
638.73400	23330.00000
638.79154	24149.00000
638.84907	24659.00000
638.90660	24292.00000
638.96413	24196.00000
639.02165	24384.00000
639.07918	24502.00000
639.13670	21808.00000
639.19422	21168.00000
639.25174	22511.00000
639.30925	21911.00000
639.36677	22085.00000
639.42428	21604.00000
639.48179	23061.00000
639.53930	22766.00000
639.59680	20756.00000
639.65431	20159.00000
639.71181	21058.00000
639.76931	20501.00000
639.82681	19540.00000
639.88430	19876.00000
639.94180	21650.00000
639.99929	21107.00000
640.05678	19520.00000
640.11427	19092.00000
640.17175	19744.00000
640.22924	18402.00000
640.28672	17218.00000
640.34420	17938.00000
640.40168	19166.00000
640.45915	18400.00000
640.51663	17726.00000
640.57410	18590.00000
640.63157	18672.00000
640.68904	16692.00000
640.74650	15682.00000
640.80397	16276.00000
640.86143	16628.00000
640.91889	15814.00000
640.97635	15972.00000
641.03380	16661.00000
641.09126	16464.00000
641.14871	15280.00000
641.20616	14994.00000
641.26361	14894.00000
641.32105	15086.00000
641.37850	14304.00000
641.43594	13973.00000
641.49338	14914.00000
641.55082	15541.00000
641.60825	14786.00000
641.66569	14103.00000
641.72312	14420.00000
641.78055	14432.00000
641.83798	13150.00000
641.89540	13386.00000
641.95283	13698.00000
642.01025	14258.00000
642.06767	13294.00000
642.12509	13184.00000
642.18250	13554.00000
642.23992	13622.00000
642.29733	12098.00000
642.35474	11666.00000
642.41215	12611.00000
642.46955	12836.00000
642.52696	11738.00000
642.58436	11668.00000
642.64176	12533.00000
642.69916	12261.00000
642.75655	10948.00000
642.81395	11009.00000
642.87134	11559.00000
642.92873	10880.00000
642.98612	10310.00000
643.04350	10462.00000
643.10089	11090.00000
643.15827	10934.00000
643.21565	10276.00000
643.27303	10480.00000
643.33040	10558.00000
643.38778	10108.00000
643.44515	9501.00000
643.50252	9796.00000
643.55989	10114.00000
643.61725	10416.00000
643.67462	9556.00000
643.73198	9728.00000
643.78934	10201.00000
643.84670	10128.00000
643.90405	9284.00000
643.96141	8785.00000
644.01876	8979.00000
644.07611	9506.00000
644.13346	8976.00000
644.19080	8662.00000
644.24815	9522.00000
644.30549	9412.00000
644.36283	8429.00000
644.42017	8525.00000
644.47750	8788.00000
644.53484	8646.00000
644.59217	7680.00000
644.64950	8016.00000
644.70683	8390.00000
644.76415	8221.00000
644.82148	7828.00000
644.87880	8067.00000
644.93612	7871.00000
644.99344	8167.00000
645.05075	7150.00000
645.10807	7366.00000
645.16538	7587.00000
645.22269	7732.00000
645.28000	7138.00000
645.33730	7319.00000
645.39461	8020.00000
645.45191	7378.00000
645.50921	7122.00000
645.56651	7166.00000
645.62380	7410.00000
645.68110	7406.00000
645.73839	6464.00000
645.79568	6930.00000
645.85297	7398.00000
645.91025	7088.00000
645.96754	6310.00000
646.02482	6516.00000
646.08210	6272.00000
646.13938	6310.00000
646.19665	5842.00000
646.25393	6272.00000
646.31120	6050.00000
646.36847	6064.00000
646.42574	5761.00000
646.48300	5964.00000
646.54027	5664.00000
646.59753	5952.00000
646.65479	5394.00000
646.71205	5505.00000
646.76930	5792.00000
646.82656	5724.00000
646.88381	5410.00000
646.94106	5198.00000
646.99831	5474.00000
647.05555	5626.00000
647.11280	5296.00000
647.17004	5090.00000
647.22728	5128.00000
647.28452	5298.00000
647.34175	4816.00000
647.39899	4544.00000
647.45622	5064.00000
647.51345	4976.00000
647.57068	4380.00000
647.62790	4284.00000
647.68513	4468.00000
647.74235	4720.00000
647.79957	4436.00000
647.85679	4174.00000
647.91400	4392.00000
647.97122	4230.00000
648.02843	4032.00000
648.08564	4162.00000
648.14285	4194.00000
648.20005	4210.00000
648.25726	4346.00000
648.31446	4160.00000
648.37166	4094.00000
648.42886	3798.00000
648.48605	3704.00000
648.54325	3972.00000
648.60044	3482.00000
648.65763	3786.00000
648.71482	4032.00000
648.77200	3864.00000
648.82919	3680.00000
648.88637	3651.00000
648.94355	3644.00000
649.00073	3648.00000
649.05790	3560.00000
649.11508	3498.00000
649.17225	3222.00000
649.22942	3552.00000
649.28659	3490.00000
649.34375	3616.00000
649.40092	3456.00000
649.45808	3134.00000
649.51524	3202.00000
649.57240	3362.00000
649.62955	3104.00000
649.68671	2904.00000
649.74386	2976.00000
649.80101	3298.00000
649.85816	3026.00000
649.91530	3084.00000
649.97245	2900.00000
650.02959	3038.00000
650.08673	2885.00000
650.14387	2864.00000
650.20100	2704.00000
650.25814	2844.00000
650.31527	3220.00000
650.37240	2134.00000
650.42953	2700.00000
650.48665	2818.00000
650.54378	2784.00000
650.60090	2674.00000
650.65802	2624.00000
650.71514	2850.00000
650.77225	2944.00000
650.82937	2818.00000
650.88648	2240.00000
650.94359	2450.00000
651.00070	2418.00000
651.05780	2114.00000
651.11491	2294.00000
651.17201	2228.00000
651.22911	2334.00000
651.28621	2462.00000
651.34330	2162.00000
651.40040	2032.00000
651.45749	2348.00000
651.51458	2514.00000
651.57167	1808.00000
651.62875	1920.00000
651.68584	2112.00000
651.74292	1936.00000
651.80000	1900.00000
651.85708	2032.00000
651.91415	1788.00000
651.97123	2054.00000
652.02830	2022.00000
652.08537	1964.00000
652.14244	1688.00000
652.19950	1658.00000
652.25657	1712.00000
652.31363	1834.00000
652.37069	1804.00000
652.42775	1730.00000
652.48480	1636.00000
652.54186	1660.00000
652.59891	1650.00000
652.65596	1674.00000
652.71301	1856.00000
652.77005	1510.00000
652.82710	1836.00000
652.88414	1586.00000
652.94118	1692.00000
652.99822	1542.00000
653.05525	1424.00000
653.11229	1554.00000
653.16932	1644.00000
653.22635	1552.00000
653.28338	1680.00000
653.34040	1580.00000
653.39743	1520.00000
653.45445	1334.00000
653.51147	946.00000
653.56849	1316.00000
653.62550	1438.00000
653.68252	1216.00000
653.73953	1218.00000
653.79654	1246.00000
653.85355	1314.00000
653.91055	1330.00000
653.96756	1440.00000
654.02456	1164.00000
654.08156	1254.00000
654.13856	1370.00000
654.19555	896.00000
654.25255	1274.00000
654.30954	994.00000
654.36653	1062.00000
654.42352	1174.00000
654.48050	1164.00000
654.53749	1105.00000
654.59447	1312.00000
654.65145	1184.00000
654.70843	1230.00000
654.76540	1170.00000
654.82238	1006.00000
654.87935	1120.00000
654.93632	1014.00000
654.99329	946.00000
655.05025	1008.00000
655.10722	1092.00000
655.16418	1038.00000
655.22114	916.00000
655.27810	1114.00000
655.33505	1200.00000
655.39201	1280.00000
655.44896	1058.00000
655.50591	960.00000
655.56286	752.00000
655.61980	1142.00000
655.67675	860.00000
655.73369	928.00000
655.79063	962.00000
655.84757	980.00000
655.90450	738.00000
655.96144	994.00000
656.01837	1038.00000
656.07530	900.00000
656.13223	676.00000
656.18915	846.00000
656.24608	720.00000
656.30300	1061.00000
656.35992	800.00000
656.41684	928.00000
656.47375	1088.00000
656.53067	784.00000
656.58758	1014.00000
656.64449	928.00000
656.70140	726.00000
656.75830	460.00000
656.81521	580.00000
656.87211	800.00000
656.92901	800.00000
656.98591	528.00000
657.04280	752.00000
657.09970	958.00000
657.15659	913.00000
657.21348	862.00000
657.27037	574.00000
657.32725	766.00000
657.38414	800.00000
657.44102	656.00000
657.49790	622.00000
657.55478	720.00000
657.61165	580.00000
657.66853	635.00000
657.72540	110.00000
657.78227	820.00000
657.83914	1006.00000
657.89600	444.00000
657.95287	966.00000
658.00973	708.00000
658.06659	512.00000
658.12345	414.00000
658.18030	256.00000
658.23716	498.00000
658.29401	516.00000
658.35086	580.00000
658.40771	848.00000
658.46455	784.00000
658.52140	614.00000
658.57824	494.00000
658.63508	1582.00000
658.69192	790.00000
658.74875	338.00000
658.80559	626.00000
658.86242	304.00000
658.91925	542.00000
658.97608	558.00000
659.03290	720.00000
659.08973	705.00000
659.14655	560.00000
659.20337	598.00000
659.26019	538.00000
659.31700	445.00000
659.37382	653.00000
659.43063	256.00000
659.48744	592.00000
659.54425	528.00000
659.60105	-394.00000
659.65786	474.00000
659.71466	730.00000
659.77146	638.00000
659.82826	564.00000
659.88505	654.00000
659.94185	397.00000
659.99864	574.00000
660.05543	444.00000
660.11222	494.00000
660.16900	562.00000
660.22579	548.00000
660.28257	654.00000
660.33935	550.00000
660.39613	290.00000
660.45290	318.00000
660.50968	524.00000
660.56645	904.00000
660.62322	328.00000
660.67999	398.00000
660.73675	368.00000
660.79352	638.00000
660.85028	288.00000
660.90704	380.00000
660.96380	542.00000
661.02055	628.00000
661.07731	528.00000
661.13406	420.00000
661.19081	564.00000
661.24756	123.00000
661.30430	320.00000
661.36105	398.00000
661.41779	334.00000
661.47453	354.00000
661.53127	462.00000
661.58800	594.00000
661.64474	360.00000
661.70147	336.00000
661.75820	448.00000
661.81493	440.00000
661.87165	400.00000
661.92838	528.00000
661.98510	292.00000
662.04182	430.00000
662.09854	525.00000
662.15525	402.00000
662.21197	319.00000
662.26868	173.00000
662.32539	468.00000
662.38210	414.00000
662.43880	930.00000
662.49551	368.00000
662.55221	383.00000
662.60891	356.00000
662.66561	349.00000
662.72230	354.00000
662.77900	269.00000
662.83569	375.00000
662.89238	466.00000
662.94907	128.00000
663.00575	336.00000
663.06244	224.00000
663.11912	351.00000
663.17580	322.00000
663.23248	429.00000
663.28915	235.00000
663.34583	459.00000
663.40250	272.00000
663.45917	349.00000
663.51584	425.00000
663.57250	318.00000
663.62917	451.00000
663.68583	290.00000
663.74249	159.00000
663.79915	114.00000
663.85580	591.00000
663.91246	134.00000
663.96911	-74.00000
664.02576	272.00000
664.08241	288.00000
664.13905	275.00000
664.19570	256.00000
664.25234	554.00000
664.30898	418.00000
664.36562	340.00000
664.42225	290.00000
664.47889	182.00000
664.53552	22.00000
664.59215	210.00000
664.64878	350.00000
664.70540	416.00000
664.76203	304.00000
664.81865	397.00000
664.87527	432.00000
664.93189	477.00000
664.98850	76.00000
665.04512	353.00000
665.10173	24.00000
665.15834	-62.00000
665.21495	185.00000
665.27155	-1498.00000
665.32816	428.00000
665.38476	94.00000
665.44136	10.00000
665.49796	201.00000
665.55455	352.00000
665.61115	413.00000
665.66774	322.00000
665.72433	348.00000
665.78092	92.00000
665.83750	224.00000
665.89409	271.00000
665.95067	144.00000
666.00725	207.00000
666.06383	126.00000
666.12040	236.00000
666.17698	164.00000
666.23355	386.00000
666.29012	-50.00000
666.34669	414.00000
666.40325	413.00000
666.45982	272.00000
666.51638	0.00000
666.57294	160.00000
666.62950	70.00000
666.68605	144.00000
666.74261	132.00000
666.79916	237.00000
666.85571	172.00000
666.91226	262.00000
666.96880	78.00000
667.02535	950.00000
667.08189	352.00000
667.13843	192.00000
667.19497	-176.00000
667.25150	256.00000
667.30804	338.00000
667.36457	264.00000
667.42110	262.00000
667.47763	31.00000
667.53415	236.00000
667.59068	108.00000
667.64720	242.00000
667.70372	208.00000
667.76024	30.00000
667.81675	258.00000
667.87327	142.00000
667.92978	222.00000
667.98629	240.00000
668.04280	-59.00000
668.09930	1122.00000
668.15581	18.00000
668.21231	394.00000
668.26881	381.00000
668.32531	53.00000
668.38180	-44.00000
668.43830	269.00000
668.49479	416.00000
668.55128	162.00000
668.60777	-81.00000
668.66425	80.00000
668.72074	223.00000
668.77722	228.00000
668.83370	134.00000
668.89018	-7.00000
668.94665	129.00000
669.00313	192.00000
669.05960	50.00000
669.11607	10.00000
669.17254	174.00000
669.22900	-96.00000
669.28547	114.00000
669.34193	462.00000
669.39839	306.00000
669.45485	352.00000
669.51130	173.00000
669.56776	190.00000
669.62421	226.00000
669.68066	330.00000
669.73711	303.00000
669.79355	194.00000
669.85000	122.00000
669.90644	208.00000
669.96288	140.00000
670.01932	156.00000
670.07575	272.00000
670.13219	180.00000
670.18862	-174.00000
670.24505	26.00000
670.30148	60.00000
670.35790	75.00000
670.41433	94.00000
670.47075	252.00000
670.52717	49.00000
670.58359	250.00000
670.64000	348.00000
670.69642	410.00000
670.75283	254.00000
670.80924	283.00000
670.86565	258.00000
670.92205	322.00000
670.97846	260.00000
671.03486	146.00000
671.09126	-53.00000
671.14766	111.00000
671.20405	226.00000
671.26045	146.00000
671.31684	-94.00000
671.37323	16.00000
671.42962	-1264.00000
671.48600	128.00000
671.54239	274.00000
671.59877	-5.00000
671.65515	128.00000
671.71153	-16.00000
671.76790	258.00000
671.82428	41.00000
671.88065	236.00000
671.93702	157.00000
671.99339	176.00000
672.04975	398.00000
672.10612	368.00000
672.16248	-62.00000
672.21884	-94.00000
672.27520	-30.00000
672.33155	44.00000
672.38791	126.00000
672.44426	38.00000
672.50061	84.00000
672.55696	242.00000
672.61330	414.00000
672.66965	30.00000
672.72599	158.00000
672.78233	204.00000
672.83867	-1170.00000
672.89500	66.00000
672.95134	268.00000
673.00767	160.00000
673.06400	-180.00000
673.12033	230.00000
673.17665	316.00000
673.23298	619.00000
673.28930	210.00000
673.34562	38.00000
673.40194	-2.00000
673.45825	210.00000
673.51457	270.00000
673.57088	242.00000
673.62719	16.00000
673.68350	320.00000
673.73980	66.00000
673.79611	476.00000
673.85241	190.00000
673.90871	-14.00000
673.96501	196.00000
674.02130	70.00000
674.07760	480.00000
674.13389	12.00000
674.19018	-188.00000
674.24647	-386.00000
674.30275	174.00000
674.35904	240.00000
674.41532	48.00000
674.47160	258.00000
674.52788	337.00000
674.58415	346.00000
674.64043	66.00000
674.69670	50.00000
674.75297	28.00000
674.80924	-34.00000
674.86550	244.00000
674.92177	20.00000
674.97803	160.00000
675.03429	-58.00000
675.09055	210.00000
675.14680	228.00000
675.20306	-128.00000
675.25931	196.00000
675.31556	8.00000
675.37181	-12.00000
675.42805	272.00000
675.48430	0.00000
675.54054	16.00000
675.59678	100.00000
675.65302	384.00000
675.70925	-38.00000
675.76549	-66.00000
675.82172	-190.00000
675.87795	-3.00000
675.93418	146.00000
675.99040	205.00000
676.04663	156.00000
676.10285	166.00000
676.15907	269.00000
676.21529	386.00000
676.27150	66.00000
676.32772	198.00000
676.38393	0.00000
676.44014	-15.00000
676.49635	179.00000
676.55255	262.00000
676.60876	160.00000
676.66496	230.00000
676.72116	223.00000
676.77736	-92.00000
676.83355	46.00000
676.88975	156.00000
676.94594	-107.00000
677.00213	128.00000
677.05832	82.00000
677.11450	250.00000
677.17069	0.00000
677.22687	52.00000
677.28305	208.00000
677.33923	82.00000
677.39540	114.00000
677.45158	99.00000
677.50775	-1469.00000
677.56392	48.00000
677.62009	188.00000
677.67625	78.00000
677.73242	354.00000
677.78858	112.00000
677.84474	66.00000
677.90090	240.00000
677.95705	368.00000
678.01321	48.00000
678.06936	377.00000
678.12551	78.00000
678.18166	320.00000
678.23780	-16.00000
678.29395	126.00000
678.35009	144.00000
678.40623	202.00000
678.46237	-172.00000
678.51850	0.00000
678.57464	202.00000
678.63077	106.00000
678.68690	266.00000
678.74303	224.00000
678.79915	176.00000
678.85528	90.00000
678.91140	156.00000
678.96752	3.00000
679.02364	-112.00000
679.07975	-156.00000
679.13587	284.00000
679.19198	363.00000
679.24809	-26.00000
679.30420	336.00000
679.36030	494.00000
679.41641	64.00000
679.47251	212.00000
679.52861	-34.00000
679.58471	470.00000
679.64080	-2.00000
679.69690	-96.00000
679.75299	140.00000
679.80908	1232.00000
679.86517	80.00000
679.92125	366.00000
