462.07865	124.00000
462.14203	327.00000
462.20540	-128.00000
462.26878	146.00000
462.33215	-288.00000
462.39552	241.00000
462.45889	275.00000
462.52225	-256.00000
462.58562	-172.00000
462.64898	174.00000
462.71234	46.00000
462.77570	242.00000
462.83905	210.00000
462.90241	254.00000
462.96576	128.00000
463.02911	-48.00000
463.09246	100.00000
463.15580	284.00000
463.21915	202.00000
463.28249	178.00000
463.34583	257.00000
463.40917	-211.00000
463.47250	204.00000
463.53584	32.00000
463.59917	210.00000
463.66250	258.00000
463.72583	-83.00000
463.78915	110.00000
463.85248	259.00000
463.91580	610.00000
463.97912	-64.00000
464.04244	-118.00000
464.10575	366.00000
464.16907	390.00000
464.23238	196.00000
464.29569	0.00000
464.35900	64.00000
464.42230	476.00000
464.48561	48.00000
464.54891	410.00000
464.61221	86.00000
464.67551	229.00000
464.73880	254.00000
464.80210	164.00000
464.86539	158.00000
464.92868	-846.00000
464.99197	48.00000
465.05525	-83.00000
465.11854	182.00000
465.18182	228.00000
465.24510	126.00000
465.30838	64.00000
465.37165	180.00000
465.43493	-306.00000
465.49820	147.00000
465.56147	106.00000
465.62474	432.00000
465.68800	432.00000
465.75127	-16.00000
465.81453	170.00000
465.87779	22.00000
465.94105	285.00000
466.00430	368.00000
466.06756	36.00000
466.13081	304.00000
466.19406	321.00000
466.25731	52.00000
466.32055	110.00000
466.38380	387.00000
466.44704	214.00000
466.51028	224.00000
466.57352	324.00000
466.63675	224.00000
466.69999	96.00000
466.76322	106.00000
466.82645	63.00000
466.88968	384.00000
466.95290	448.00000
467.01613	238.00000
467.07935	405.00000
467.14257	350.00000
467.20579	-8.00000
467.26900	221.00000
467.33222	174.00000
467.39543	270.00000
467.45864	1538.00000
467.52185	54.00000
467.58505	69.00000
467.64826	405.00000
467.71146	252.00000
467.77466	120.00000
467.83786	42.00000
467.90105	128.00000
467.96425	346.00000
468.02744	8.00000
468.09063	334.00000
468.15382	398.00000
468.21700	222.00000
468.28019	192.00000
468.34337	24.00000
468.40655	-56.00000
468.46973	-26.00000
468.53290	-110.00000
468.59608	396.00000
468.65925	260.00000
468.72242	-74.00000
468.78559	-34.00000
468.84875	40.00000
468.91192	316.00000
468.97508	286.00000
469.03824	1798.00000
469.10140	242.00000
469.16455	124.00000
469.22771	160.00000
469.29086	54.00000
469.35401	206.00000
469.41716	253.00000
469.48030	148.00000
469.54345	-188.00000
469.60659	302.00000
469.66973	-8.00000
469.73287	-6.00000
469.79600	324.00000
469.85914	202.00000
469.92227	8.00000
469.98540	42.00000
470.04853	-92.00000
470.11165	298.00000
470.17478	-175.00000
470.23790	330.00000
470.30102	144.00000
470.36414	224.00000
470.42725	400.00000
470.49037	-64.00000
470.55348	16.00000
470.61659	102.00000
470.67970	-38.00000
470.74280	410.00000
470.80591	67.00000
470.86901	222.00000
470.93211	-34.00000
470.99521	142.00000
471.05830	10.00000
471.12140	132.00000
471.18449	68.00000
471.24758	-106.00000
471.31067	206.00000
471.37375	334.00000
471.43684	-194.00000
471.49992	64.00000
471.56300	98.00000
471.62608	196.00000
471.68915	178.00000
471.75223	142.00000
471.81530	160.00000
471.87837	126.00000
471.94144	164.00000
472.00450	180.00000
472.06757	310.00000
472.13063	406.00000
472.19369	110.00000
472.25675	180.00000
472.31980	204.00000
472.38286	90.00000
472.44591	-34.00000
472.50896	116.00000
472.57201	158.00000
472.63505	-1038.00000
472.69810	134.00000
472.76114	-96.00000
472.82418	262.00000
472.88722	102.00000
472.95025	98.00000
473.01329	136.00000
473.07632	338.00000
473.13935	18.00000
473.20238	182.00000
473.26540	-11.00000
473.32843	38.00000
473.39145	103.00000
473.45447	212.00000
473.51749	180.00000
473.58050	226.00000
473.64352	242.00000
473.70653	66.00000
473.76954	224.00000
473.83255	162.00000
473.89555	222.00000
473.95856	20.00000
474.02156	224.00000
474.08456	277.00000
474.14756	50.00000
474.21055	490.00000
474.27355	-12.00000
474.33654	294.00000
474.39953	178.00000
474.46252	22.00000
474.52550	208.00000
474.58849	174.00000
474.65147	52.00000
474.71445	226.00000
474.77743	103.00000
474.84040	322.00000
474.90338	330.00000
474.96635	272.00000
475.02932	144.00000
475.09229	98.00000
475.15525	68.00000
475.21822	270.00000
475.28118	160.00000
475.34414	274.00000
475.40710	338.00000
475.47005	6.00000
475.53301	110.00000
475.59596	-32.00000
475.65891	286.00000
475.72186	46.00000
475.78480	351.00000
475.84775	184.00000
475.91069	110.00000
475.97363	-12.00000
476.03657	-22.00000
476.09950	392.00000
476.16244	292.00000
476.22537	42.00000
476.28830	320.00000
476.35123	160.00000
476.41415	32.00000
476.47708	208.00000
476.54000	50.00000
476.60292	174.00000
476.66584	286.00000
476.72875	287.00000
476.79167	274.00000
476.85458	278.00000
476.91749	0.00000
476.98040	38.00000
477.04330	269.00000
477.10621	232.00000
477.16911	112.00000
477.23201	156.00000
477.29491	96.00000
477.35780	158.00000
477.42070	272.00000
477.48359	114.00000
477.54648	271.00000
477.60937	180.00000
477.67225	349.00000
477.73514	352.00000
477.79802	356.00000
477.86090	126.00000
477.92378	139.00000
477.98665	-118.00000
478.04953	352.00000
478.11240	410.00000
478.17527	368.00000
478.23814	242.00000
478.30100	-62.00000
478.36387	221.00000
478.42673	240.00000
478.48959	288.00000
478.55245	30.00000
478.61530	324.00000
478.67816	114.00000
478.74101	-18.00000
478.80386	240.00000
478.86671	340.00000
478.92955	314.00000
478.99240	114.00000
479.05524	272.00000
479.11808	162.00000
479.18092	250.00000
479.24375	320.00000
479.30659	351.00000
479.36942	157.00000
479.43225	253.00000
479.49508	96.00000
479.55790	32.00000
479.62073	48.00000
479.68355	352.00000
479.74637	402.00000
479.80919	163.00000
479.87200	77.00000
479.93482	37.00000
479.99763	306.00000
480.06044	128.00000
480.12325	-119.00000
480.18605	146.00000
480.24886	46.00000
480.31166	338.00000
480.37446	148.00000
480.43726	12.00000
480.50005	358.00000
480.56285	160.00000
480.62564	233.00000
480.68843	219.00000
480.75122	239.00000
480.81400	384.00000
480.87679	75.00000
480.93957	242.00000
481.00235	224.00000
481.06513	109.00000
481.12790	342.00000
481.19068	402.00000
481.25345	80.00000
481.31622	192.00000
481.37899	98.00000
481.44175	176.00000
481.50452	173.00000
481.56728	34.00000
481.63004	222.00000
481.69280	11.00000
481.75555	133.00000
481.81831	192.00000
481.88106	-34.00000
481.94381	256.00000
482.00656	258.00000
482.06930	50.00000
482.13205	181.00000
482.19479	363.00000
482.25753	353.00000
482.32027	217.00000
482.38300	190.00000
482.44574	418.00000
482.50847	304.00000
482.57120	58.00000
482.63393	128.00000
482.69665	128.00000
482.75938	210.00000
482.82210	-5.00000
482.88482	197.00000
482.94754	354.00000
483.01025	322.00000
483.07297	194.00000
483.13568	82.00000
483.19839	224.00000
483.26110	-90.00000
483.32380	146.00000
483.38651	274.00000
483.44921	258.00000
483.51191	76.00000
483.57461	208.00000
483.63730	110.00000
483.70000	262.00000
483.76269	64.00000
483.82538	208.00000
483.88807	138.00000
483.95075	365.00000
484.01344	187.00000
484.07612	31.00000
484.13880	194.00000
484.20148	263.00000
484.26415	210.00000
484.32683	17.00000
484.38950	258.00000
484.45217	230.00000
484.51484	0.00000
484.57750	82.00000
484.64017	319.00000
484.70283	224.00000
484.76549	16.00000
484.82815	-126.00000
484.89080	178.00000
484.95346	15.00000
485.01611	146.00000
485.07876	211.00000
485.14141	143.00000
485.20405	60.00000
485.26670	124.00000
485.32934	323.00000
485.39198	213.00000
485.45462	96.00000
485.51725	176.00000
485.57989	105.00000
485.64252	128.00000
485.70515	294.00000
485.76778	177.00000
485.83040	172.00000
485.89303	194.00000
485.95565	224.00000
486.01827	265.00000
486.08089	-141.00000
486.14350	270.00000
486.20612	320.00000
486.26873	352.00000
486.33134	30.00000
486.39395	96.00000
486.45655	98.00000
486.51916	125.00000
486.58176	274.00000
486.64436	242.00000
486.70696	123.00000
486.76955	72.00000
486.83215	94.00000
486.89474	304.00000
486.95733	150.00000
487.01992	194.00000
487.08250	181.00000
487.14509	68.00000
487.20767	233.00000
487.27025	30.00000
487.33283	282.00000
487.39540	65.00000
487.45798	64.00000
487.52055	59.00000
487.58312	123.00000
487.64569	-19.00000
487.70825	150.00000
487.77082	122.00000
487.83338	144.00000
487.89594	288.00000
487.95850	251.00000
488.02105	228.00000
488.08361	-48.00000
488.14616	402.00000
488.20871	318.00000
488.27126	-167.00000
488.33380	215.00000
488.39635	49.00000
488.45889	20.00000
488.52143	286.00000
488.58397	154.00000
488.64650	228.00000
488.70904	160.00000
488.77157	99.00000
488.83410	61.00000
488.89663	242.00000
488.95915	90.00000
489.02168	67.00000
489.08420	164.00000
489.14672	222.00000
489.20924	402.00000
489.27175	220.00000
489.33427	157.00000
489.39678	179.00000
489.45929	252.00000
489.52180	115.00000
489.58430	352.00000
489.64681	217.00000
489.70931	262.00000
489.77181	-54.00000
489.83431	176.00000
489.89680	305.00000
489.95930	188.00000
490.02179	236.00000
490.08428	96.00000
490.14677	234.00000
490.20925	207.00000
490.27174	48.00000
490.33422	272.00000
490.39670	320.00000
490.45918	221.00000
490.52165	346.00000
490.58413	116.00000
490.64660	36.00000
490.70907	164.00000
490.77154	97.00000
490.83400	122.00000
490.89647	128.00000
490.95893	218.00000
491.02139	64.00000
491.08385	58.00000
491.14630	150.00000
491.20876	153.00000
491.27121	148.00000
491.33366	222.00000
491.39611	304.00000
491.45855	334.00000
491.52100	201.00000
491.58344	196.00000
491.64588	148.00000
491.70832	350.00000
491.77075	122.00000
491.83319	106.00000
491.89562	174.00000
491.95805	265.00000
492.02048	132.00000
492.08290	274.00000
492.14533	260.00000
492.20775	159.00000
492.27017	208.00000
492.33259	164.00000
492.39500	66.00000
492.45742	216.00000
492.51983	6.00000
492.58224	270.00000
492.64465	-28.00000
492.70705	270.00000
492.76946	262.00000
492.83186	250.00000
492.89426	-28.00000
492.95666	276.00000
493.01905	300.00000
493.08145	210.00000
493.14384	64.00000
493.20623	325.00000
493.26862	146.00000
493.33100	112.00000
493.39339	283.00000
493.45577	235.00000
493.51815	166.00000
493.58053	290.00000
493.64290	66.00000
493.70528	165.00000
493.76765	318.00000
493.83002	255.00000
493.89239	301.00000
493.95475	164.00000
494.01712	198.00000
494.07948	166.00000
494.14184	248.00000
494.20420	39.00000
494.26655	448.00000
494.32891	282.00000
494.39126	243.00000
494.45361	192.00000
494.51596	164.00000
494.57830	270.00000
494.64065	112.00000
494.70299	198.00000
494.76533	50.00000
494.82767	182.00000
494.89000	193.00000
494.95234	160.00000
495.01467	318.00000
495.07700	272.00000
495.13933	193.00000
495.20165	20.00000
495.26398	256.00000
495.32630	128.00000
495.38862	370.00000
495.45094	193.00000
495.51325	166.00000
495.57557	20.00000
495.63788	446.00000
495.70019	316.00000
495.76250	198.00000
495.82480	398.00000
495.88711	174.00000
495.94941	226.00000
496.01171	46.00000
496.07401	310.00000
496.13630	204.00000
496.19860	82.00000
496.26089	418.00000
496.32318	136.00000
496.38547	114.00000
496.44775	174.00000
496.51004	118.00000
496.57232	562.00000
496.63460	202.00000
496.69688	222.00000
496.75915	276.00000
496.82143	38.00000
496.88370	172.00000
496.94597	316.00000
497.00824	356.00000
497.07050	158.00000
497.13277	214.00000
497.19503	48.00000
497.25729	274.00000
497.31955	130.00000
497.38180	322.00000
497.44406	106.00000
497.50631	146.00000
497.56856	114.00000
497.63081	406.00000
497.69305	288.00000
497.75530	242.00000
497.81754	100.00000
497.87978	0.00000
497.94202	208.00000
498.00425	260.00000
498.06649	62.00000
498.12872	256.00000
498.19095	198.00000
498.25318	98.00000
498.31540	480.00000
498.37763	288.00000
498.43985	114.00000
498.50207	144.00000
498.56429	82.00000
498.62650	416.00000
498.68872	292.00000
498.75093	346.00000
498.81314	360.00000
498.87535	136.00000
498.93755	300.00000
498.99976	176.00000
499.06196	278.00000
499.12416	164.00000
499.18636	196.00000
499.24855	212.00000
499.31075	288.00000
499.37294	100.00000
499.43513	242.00000
499.49732	206.00000
499.55950	76.00000
499.62169	210.00000
499.68387	234.00000
499.74605	352.00000
499.80823	190.00000
499.87040	230.00000
499.93258	178.00000
499.99475	224.00000
500.05692	186.00000
500.11909	114.00000
500.18125	304.00000
500.24342	256.00000
500.30558	223.00000
500.36774	178.00000
500.42990	144.00000
500.49205	258.00000
500.55421	322.00000
500.61636	144.00000
500.67851	178.00000
500.74066	320.00000
500.80280	239.00000
500.86495	322.00000
500.92709	64.00000
500.98923	143.00000
501.05137	208.00000
501.11350	122.00000
501.17564	146.00000
501.23777	348.00000
501.29990	132.00000
501.36203	128.00000
501.42415	94.00000
501.48628	126.00000
501.54840	206.00000
501.61052	258.00000
501.67264	175.00000
501.73475	119.00000
501.79687	336.00000
501.85898	252.00000
501.92109	224.00000
501.98320	105.00000
502.04530	185.00000
502.10741	112.00000
502.16951	343.00000
502.23161	268.00000
502.29371	224.00000
502.35580	221.00000
502.41790	374.00000
502.47999	274.00000
502.54208	203.00000
502.60417	384.00000
502.66625	320.00000
502.72834	127.00000
502.79042	128.00000
502.85250	196.00000
502.91458	322.00000
502.97665	146.00000
503.03873	78.00000
503.10080	208.00000
503.16287	288.00000
503.22494	289.00000
503.28700	191.00000
503.34907	159.00000
503.41113	256.00000
503.47319	242.00000
503.53525	262.00000
503.59730	131.00000
503.65936	221.00000
503.72141	306.00000
503.78346	54.00000
503.84551	285.00000
503.90755	421.00000
503.96960	64.00000
504.03164	126.00000
504.09368	350.00000
504.15572	80.00000
504.21775	274.00000
504.27979	497.00000
504.34182	268.00000
504.40385	-46.00000
504.46588	370.00000
504.52790	369.00000
504.58993	342.00000
504.65195	290.00000
504.71397	165.00000
504.77599	16.00000
504.83800	271.00000
504.90002	241.00000
504.96203	382.00000
505.02404	290.00000
505.08605	284.00000
505.14805	304.00000
505.21006	243.00000
505.27206	194.00000
505.33406	126.00000
505.39606	7.00000
505.45805	317.00000
505.52005	300.00000
505.58204	210.00000
505.64403	350.00000
505.70602	402.00000
505.76800	306.00000
505.82999	96.00000
505.89197	199.00000
505.95395	146.00000
506.01593	338.00000
506.07790	192.00000
506.13988	294.00000
506.20185	146.00000
506.26382	126.00000
506.32579	259.00000
506.38775	112.00000
506.44972	384.00000
506.51168	242.00000
506.57364	90.00000
506.63560	159.00000
506.69755	320.00000
506.75951	397.00000
506.82146	226.00000
506.88341	338.00000
506.94536	219.00000
507.00730	159.00000
507.06925	190.00000
507.13119	226.00000
507.19313	147.00000
507.25507	301.00000
507.31700	98.00000
507.37894	366.00000
507.44087	241.00000
507.50280	-15.00000
507.56473	289.00000
507.62665	290.00000
507.68858	323.00000
507.75050	288.00000
507.81242	192.00000
507.87434	142.00000
507.93625	262.00000
507.99817	178.00000
508.06008	176.00000
508.12199	370.00000
508.18390	230.00000
508.24580	150.00000
508.30771	54.00000
508.36961	162.00000
508.43151	369.00000
508.49341	299.00000
508.55530	281.00000
508.61720	350.00000
508.67909	226.00000
508.74098	246.00000
508.80287	288.00000
508.86475	285.00000
508.92664	408.00000
508.98852	178.00000
509.05040	82.00000
509.11228	322.00000
509.17415	210.00000
509.23603	174.00000
509.29790	336.00000
509.35977	416.00000
509.42164	156.00000
509.48350	228.00000
509.54537	212.00000
509.60723	251.00000
509.66909	201.00000
509.73095	268.00000
509.79280	416.00000
509.85466	422.00000
509.91651	64.00000
509.97836	272.00000
510.04021	152.00000
510.10205	400.00000
510.16390	273.00000
510.22574	418.00000
510.28758	282.00000
510.34942	234.00000
510.41125	268.00000
510.47309	287.00000
510.53492	112.00000
510.59675	358.00000
510.65858	274.00000
510.72040	290.00000
510.78223	368.00000
510.84405	210.00000
510.90587	208.00000
510.96769	322.00000
511.02950	274.00000
511.09132	210.00000
511.15313	208.00000
511.21494	128.00000
511.27675	338.00000
511.33855	330.00000
511.40036	458.00000
511.46216	208.00000
511.52396	138.00000
511.58576	272.00000
511.64755	212.00000
511.70935	216.00000
511.77114	206.00000
511.83293	286.00000
511.89472	210.00000
511.95650	286.00000
512.01829	-48.00000
512.08007	356.00000
512.14185	16.00000
512.20363	426.00000
512.26540	220.00000
512.32718	234.00000
512.38895	252.00000
512.45072	480.00000
512.51249	302.00000
512.57425	248.00000
512.63602	64.00000
512.69778	234.00000
512.75954	448.00000
512.82130	80.00000
512.88305	238.00000
512.94481	350.00000
513.00656	222.00000
513.06831	256.00000
513.13006	144.00000
513.19180	544.00000
513.25355	283.00000
513.31529	400.00000
513.37703	388.00000
513.43877	362.00000
513.50050	210.00000
513.56224	208.00000
513.62397	464.00000
513.68570	380.00000
513.74743	336.00000
513.80915	278.00000
513.87088	170.00000
513.93260	384.00000
513.99432	214.00000
514.05604	379.00000
514.11775	184.00000
514.17947	448.00000
514.24118	370.00000
514.30289	368.00000
514.36460	509.00000
514.42630	298.00000
514.48801	210.00000
514.54971	302.00000
514.61141	314.00000
514.67311	400.00000
514.73480	320.00000
514.79650	496.00000
514.85819	160.00000
514.91988	384.00000
514.98157	352.00000
515.04325	310.00000
515.10494	318.00000
515.16662	380.00000
515.22830	356.00000
515.28998	108.00000
515.35165	178.00000
515.41333	278.00000
515.47500	256.00000
515.53667	306.00000
515.59834	366.00000
515.66000	414.00000
515.72167	384.00000
515.78333	345.00000
515.84499	293.00000
515.90665	276.00000
515.96830	366.00000
516.02996	270.00000
516.09161	366.00000
516.15326	270.00000
516.21491	413.00000
516.27655	320.00000
516.33820	429.00000
516.39984	342.00000
516.46148	298.00000
516.52312	358.00000
516.58475	272.00000
516.64639	338.00000
516.70802	410.00000
516.76965	286.00000
516.83128	368.00000
516.89290	398.00000
516.95453	368.00000
517.01615	446.00000
517.07777	162.00000
517.13939	435.00000
517.20100	336.00000
517.26262	286.00000
517.32423	144.00000
517.38584	254.00000
517.44745	304.00000
517.50905	442.00000
517.57066	418.00000
517.63226	384.00000
517.69386	508.00000
517.75546	382.00000
517.81705	532.00000
517.87865	350.00000
517.94024	448.00000
518.00183	334.00000
518.06342	400.00000
518.12500	338.00000
518.18659	390.00000
518.24817	482.00000
518.30975	254.00000
518.37133	364.00000
518.43290	372.00000
518.49448	304.00000
518.55605	384.00000
518.61762	286.00000
518.67919	372.00000
518.74075	308.00000
518.80232	334.00000
518.86388	222.00000
518.92544	430.00000
518.98700	516.00000
519.04855	486.00000
519.11011	196.00000
519.17166	365.00000
519.23321	388.00000
519.29476	446.00000
519.35630	350.00000
519.41785	510.00000
519.47939	316.00000
519.54093	350.00000
519.60247	477.00000
519.66400	344.00000
519.72554	368.00000
519.78707	305.00000
519.84860	383.00000
519.91013	386.00000
519.97165	594.00000
520.03318	412.00000
520.09470	350.00000
520.15622	482.00000
520.21774	382.00000
520.27925	543.00000
520.34077	479.00000
520.40228	338.00000
520.46379	512.00000
520.52530	304.00000
520.58680	463.00000
520.64831	386.00000
520.70981	378.00000
520.77131	402.00000
520.83281	164.00000
520.89430	494.00000
520.95580	314.00000
521.01729	448.00000
521.07878	528.00000
521.14027	271.00000
521.20175	432.00000
521.26324	467.00000
521.32472	412.00000
521.38620	200.00000
521.44768	367.00000
521.50915	640.00000
521.57063	336.00000
521.63210	446.00000
521.69357	384.00000
521.75504	355.00000
521.81650	432.00000
521.87797	272.00000
521.93943	479.00000
522.00089	267.00000
522.06235	570.00000
522.12380	527.00000
522.18526	372.00000
522.24671	432.00000
522.30816	431.00000
522.36961	546.00000
522.43105	466.00000
522.49250	492.00000
522.55394	418.00000
522.61538	412.00000
522.67682	416.00000
522.73825	320.00000
522.79969	416.00000
522.86112	284.00000
522.92255	396.00000
522.98398	530.00000
523.04540	366.00000
523.10683	354.00000
523.16825	647.00000
523.22967	496.00000
523.29109	512.00000
523.35250	500.00000
523.41392	379.00000
523.47533	626.00000
523.53674	494.00000
523.59815	562.00000
523.65955	486.00000
523.72096	491.00000
523.78236	444.00000
523.84376	528.00000
523.90516	688.00000
523.96655	589.00000
524.02795	625.00000
524.08934	656.00000
524.15073	480.00000
524.21212	382.00000
524.27350	574.00000
524.33489	448.00000
524.39627	530.00000
524.45765	291.00000
524.51903	402.00000
524.58040	464.00000
524.64178	466.00000
524.70315	528.00000
524.76452	463.00000
524.82589	365.00000
524.88725	494.00000
524.94862	586.00000
525.00998	364.00000
525.07134	577.00000
525.13270	436.00000
525.19405	466.00000
525.25541	450.00000
525.31676	416.00000
525.37811	288.00000
525.43946	434.00000
525.50080	412.00000
525.56215	382.00000
525.62349	624.00000
525.68483	573.00000
525.74617	497.00000
525.80750	608.00000
525.86884	442.00000
525.93017	432.00000
525.99150	848.00000
526.05283	448.00000
526.11415	528.00000
526.17548	446.00000
526.23680	640.00000
526.29812	460.00000
526.35944	366.00000
526.42075	482.00000
526.48207	464.00000
526.54338	513.00000
526.60469	471.00000
526.66600	384.00000
526.72730	354.00000
526.78861	540.00000
526.84991	548.00000
526.91121	550.00000
526.97251	478.00000
527.03380	471.00000
527.09510	432.00000
527.15639	512.00000
527.21768	647.00000
527.27897	478.00000
527.34025	710.00000
527.40154	535.00000
527.46282	487.00000
527.52410	498.00000
527.58538	402.00000
527.64665	464.00000
527.70793	702.00000
527.76920	615.00000
527.83047	662.00000
527.89174	469.00000
527.95300	643.00000
528.01427	418.00000
528.07553	484.00000
528.13679	610.00000
528.19805	546.00000
528.25930	637.00000
528.32056	471.00000
528.38181	366.00000
528.44306	686.00000
528.50431	514.00000
528.56555	592.00000
528.62680	438.00000
528.68804	739.00000
528.74928	583.00000
528.81052	800.00000
528.87175	662.00000
528.93299	551.00000
528.99422	663.00000
529.05545	398.00000
529.11668	726.00000
529.17790	293.00000
529.23913	596.00000
529.30035	478.00000
529.36157	580.00000
529.42279	622.00000
529.48400	448.00000
529.54522	623.00000
529.60643	550.00000
529.66764	735.00000
529.72885	668.00000
529.79005	702.00000
529.85126	624.00000
529.91246	318.00000
529.97366	560.00000
530.03486	579.00000
530.09605	652.00000
530.15725	576.00000
530.21844	770.00000
530.27963	596.00000
530.34082	540.00000
530.40200	746.00000
530.46319	592.00000
530.52437	580.00000
530.58555	676.00000
530.64673	756.00000
530.70790	624.00000
530.76908	566.00000
530.83025	586.00000
530.89142	579.00000
530.95259	718.00000
531.01375	596.00000
531.07492	650.00000
531.13608	576.00000
531.19724	836.00000
531.25840	766.00000
531.31955	550.00000
531.38071	514.00000
531.44186	868.00000
531.50301	564.00000
531.56416	497.00000
531.62530	641.00000
531.68645	700.00000
531.74759	613.00000
531.80873	672.00000
531.86987	576.00000
531.93100	606.00000
531.99214	660.00000
532.05327	554.00000
532.11440	656.00000
532.17553	640.00000
532.23665	800.00000
532.29778	730.00000
532.35890	703.00000
532.42002	882.00000
532.48114	542.00000
532.54225	528.00000
532.60337	558.00000
532.66448	790.00000
532.72559	788.00000
532.78670	760.00000
532.84780	962.00000
532.90891	548.00000
532.97001	657.00000
533.03111	608.00000
533.09221	658.00000
533.15330	648.00000
533.21440	554.00000
533.27549	586.00000
533.33658	644.00000
533.39767	784.00000
533.45875	670.00000
533.51984	606.00000
533.58092	738.00000
533.64200	770.00000
533.70308	805.00000
533.76415	648.00000
533.82523	748.00000
533.88630	564.00000
533.94737	864.00000
534.00844	702.00000
534.06950	734.00000
534.13057	552.00000
534.19163	784.00000
534.25269	802.00000
534.31375	657.00000
534.37480	640.00000
534.43586	522.00000
534.49691	710.00000
534.55796	790.00000
534.61901	628.00000
534.68005	612.00000
534.74110	755.00000
534.80214	696.00000
534.86318	714.00000
534.92422	870.00000
534.98525	718.00000
535.04629	846.00000
535.10732	964.00000
535.16835	782.00000
535.22938	644.00000
535.29040	758.00000
535.35143	838.00000
535.41245	730.00000
535.47347	752.00000
535.53449	766.00000
535.59550	638.00000
535.65652	656.00000
535.71753	676.00000
535.77854	698.00000
535.83955	682.00000
535.90055	770.00000
535.96156	642.00000
536.02256	742.00000
536.08356	768.00000
536.14456	784.00000
536.20555	580.00000
536.26655	912.00000
536.32754	624.00000
536.38853	916.00000
536.44952	767.00000
536.51050	736.00000
536.57149	684.00000
536.63247	774.00000
536.69345	718.00000
536.75443	914.00000
536.81540	708.00000
536.87638	736.00000
536.93735	794.00000
536.99832	788.00000
537.05929	830.00000
537.12025	688.00000
537.18122	810.00000
537.24218	916.00000
537.30314	942.00000
537.36410	902.00000
537.42505	868.00000
537.48601	768.00000
537.54696	580.00000
537.60791	914.00000
537.66886	688.00000
537.72980	922.00000
537.79075	862.00000
537.85169	854.00000
537.91263	1102.00000
537.97357	784.00000
538.03450	950.00000
538.09544	910.00000
538.15637	802.00000
538.21730	736.00000
538.27823	854.00000
538.33915	738.00000
538.40008	915.00000
538.46100	593.00000
538.52192	886.00000
538.58284	989.00000
538.64375	769.00000
538.70467	1060.00000
538.76558	886.00000
538.82649	804.00000
538.88740	1058.00000
538.94830	1060.00000
539.00921	938.00000
539.07011	970.00000
539.13101	702.00000
539.19191	1030.00000
539.25280	928.00000
539.31370	834.00000
539.37459	836.00000
539.43548	1144.00000
539.49637	1072.00000
539.55725	754.00000
539.61814	902.00000
539.67902	938.00000
539.73990	1036.00000
539.80078	946.00000
539.86165	992.00000
539.92253	768.00000
539.98340	1076.00000
540.04427	1056.00000
540.10514	960.00000
540.16600	964.00000
540.22687	1070.00000
540.28773	962.00000
540.34859	862.00000
540.40945	1166.00000
540.47030	1070.00000
540.53116	895.00000
540.59201	1146.00000
540.65286	1104.00000
540.71371	884.00000
540.77455	1088.00000
540.83540	980.00000
540.89624	940.00000
540.95708	958.00000
541.01792	1076.00000
541.07875	1015.00000
541.13959	1100.00000
541.20042	981.00000
541.26125	975.00000
541.32208	928.00000
541.38290	1078.00000
541.44373	962.00000
541.50455	792.00000
541.56537	872.00000
541.62619	1030.00000
541.68700	1169.00000
541.74782	1270.00000
541.80863	1066.00000
541.86944	1026.00000
541.93025	1071.00000
541.99105	1094.00000
542.05186	889.00000
542.11266	902.00000
542.17346	1202.00000
542.23426	1181.00000
542.29505	1316.00000
542.35585	1046.00000
542.41664	1106.00000
542.47743	1134.00000
542.53822	986.00000
542.59900	1078.00000
542.65979	1040.00000
542.72057	1136.00000
542.78135	991.00000
542.84213	1216.00000
542.90290	1232.00000
542.96368	1140.00000
543.02445	1206.00000
543.08522	1200.00000
543.14599	954.00000
543.20675	1248.00000
543.26752	1008.00000
543.32828	1168.00000
543.38904	1138.00000
543.44980	1142.00000
543.51055	1311.00000
543.57131	1151.00000
543.63206	1122.00000
543.69281	1152.00000
543.75356	1058.00000
543.81430	1248.00000
543.87505	1054.00000
543.93579	1055.00000
543.99653	992.00000
544.05727	1264.00000
544.11800	1033.00000
544.17874	1040.00000
544.23947	1146.00000
544.30020	1232.00000
544.36093	1280.00000
544.42165	1266.00000
544.48238	1171.00000
544.54310	1248.00000
544.60382	1184.00000
544.66454	1351.00000
544.72525	1024.00000
544.78597	1162.00000
544.84668	1246.00000
544.90739	1280.00000
544.96810	1152.00000
545.02880	1342.00000
545.08951	1291.00000
545.15021	1536.00000
545.21091	1266.00000
545.27161	1174.00000
545.33230	1195.00000
545.39300	1239.00000
545.45369	1232.00000
545.51438	1263.00000
545.57507	1554.00000
545.63575	1441.00000
545.69644	1365.00000
545.75712	1373.00000
545.81780	1382.00000
545.87848	1532.00000
545.93915	1169.00000
545.99983	1238.00000
546.06050	1457.00000
546.12117	1357.00000
546.18184	1490.00000
546.24250	1388.00000
546.30317	1262.00000
546.36383	1382.00000
546.42449	1499.00000
546.48515	1358.00000
546.54580	1452.00000
546.60646	1540.00000
546.66711	1446.00000
546.72776	1152.00000
546.78841	1595.00000
546.84905	1472.00000
546.90970	1346.00000
546.97034	1330.00000
547.03098	1532.00000
547.09162	1452.00000
547.15225	1666.00000
547.21289	1534.00000
547.27352	1547.00000
547.33415	1564.00000
547.39478	1483.00000
547.45540	1586.00000
547.51603	1394.00000
547.57665	1575.00000
547.63727	1378.00000
547.69789	1362.00000
547.75850	1652.00000
547.81912	1389.00000
547.87973	1404.00000
547.94034	1392.00000
548.00095	1806.00000
548.06155	1441.00000
548.12216	1590.00000
548.18276	1442.00000
548.24336	1681.00000
548.30396	1552.00000
548.36455	1554.00000
548.42515	1580.00000
548.48574	1502.00000
548.54633	1704.00000
548.60692	1757.00000
548.66750	1538.00000
548.72809	1728.00000
548.78867	1570.00000
548.84925	1712.00000
548.90983	1789.00000
548.97040	1810.00000
549.03098	1709.00000
549.09155	1836.00000
549.15212	1846.00000
549.21269	1698.00000
549.27325	1837.00000
549.33382	1668.00000
549.39438	1858.00000
549.45494	1719.00000
549.51550	1712.00000
549.57605	1707.00000
549.63661	1856.00000
549.69716	1836.00000
549.75771	1536.00000
549.81826	1652.00000
549.87880	1670.00000
549.93935	1761.00000
549.99989	1835.00000
550.06043	1593.00000
550.12097	1866.00000
550.18150	1882.00000
550.24204	1882.00000
550.30257	1919.00000
550.36310	1710.00000
550.42363	1899.00000
550.48415	1711.00000
550.54468	1868.00000
550.60520	2139.00000
550.66572	1970.00000
550.72624	1984.00000
550.78675	2064.00000
550.84727	2018.00000
550.90778	1952.00000
550.96829	1940.00000
551.02880	2028.00000
551.08930	1997.00000
551.14981	2062.00000
551.21031	1956.00000
551.27081	1948.00000
551.33131	1936.00000
551.39180	1760.00000
551.45230	2122.00000
551.51279	2064.00000
551.57328	2336.00000
551.63377	2156.00000
551.69425	2268.00000
551.75474	2096.00000
551.81522	2054.00000
551.87570	2012.00000
551.93618	1988.00000
551.99665	2048.00000
552.05713	2060.00000
552.11760	2443.00000
552.17807	2034.00000
552.23854	2336.00000
552.29900	2194.00000
552.35947	2116.00000
552.41993	1994.00000
552.48039	2282.00000
552.54085	2161.00000
552.60130	2092.00000
552.66176	2092.00000
552.72221	2170.00000
552.78266	2308.00000
552.84311	2318.00000
552.90355	2304.00000
552.96400	2276.00000
553.02444	2222.00000
553.08488	2129.00000
553.14532	2093.00000
553.20575	2186.00000
553.26619	2349.00000
553.32662	2242.00000
553.38705	2322.00000
553.44748	2350.00000
553.50790	2394.00000
553.56833	2225.00000
553.62875	2278.00000
553.68917	2244.00000
553.74959	2300.00000
553.81000	2408.00000
553.87042	2341.00000
553.93083	2434.00000
553.99124	2354.00000
554.05165	2554.00000
554.11205	2528.00000
554.17246	2226.00000
554.23286	2598.00000
554.29326	2264.00000
554.35366	2416.00000
554.41405	2400.00000
554.47445	2324.00000
554.53484	2517.00000
554.59523	2478.00000
554.65562	2512.00000
554.71600	2488.00000
554.77639	2502.00000
554.83677	2604.00000
554.89715	2452.00000
554.95753	2526.00000
555.01790	2462.00000
555.07828	2500.00000
555.13865	2550.00000
555.19902	2542.00000
555.25939	2712.00000
555.31975	2674.00000
555.38012	2734.00000
555.44048	2508.00000
555.50084	2569.00000
555.56120	2554.00000
555.62155	2490.00000
555.68191	2794.00000
555.74226	2800.00000
555.80261	2788.00000
555.86296	2796.00000
555.92330	2609.00000
555.98365	2642.00000
556.04399	2802.00000
556.10433	2735.00000
556.16467	2678.00000
556.22500	2985.00000
556.28534	2482.00000
556.34567	2764.00000
556.40600	2796.00000
556.46633	2736.00000
556.52665	2810.00000
556.58698	2758.00000
556.64730	2835.00000
556.70762	2616.00000
556.76794	2880.00000
556.82825	3037.00000
556.88857	3046.00000
556.94888	2850.00000
557.00919	2878.00000
557.06950	2873.00000
557.12980	3023.00000
557.19011	2752.00000
557.25041	2896.00000
557.31071	2960.00000
557.37101	2894.00000
557.43130	2970.00000
557.49160	3074.00000
557.55189	2916.00000
557.61218	2896.00000
557.67247	2736.00000
557.73275	3103.00000
557.79304	2813.00000
557.85332	2919.00000
557.91360	2823.00000
557.97388	2995.00000
558.03415	2909.00000
558.09443	2798.00000
558.15470	3022.00000
558.21497	2930.00000
558.27524	3120.00000
558.33550	3179.00000
558.39577	3006.00000
558.45603	3137.00000
558.51629	3152.00000
558.57655	3120.00000
558.63680	3057.00000
558.69706	3026.00000
558.75731	3080.00000
558.81756	3153.00000
558.87781	3075.00000
558.93805	3152.00000
558.99830	3012.00000
559.05854	2850.00000
559.11878	3170.00000
559.17902	3238.00000
559.23925	3386.00000
559.29949	2974.00000
559.35972	3076.00000
559.41995	3046.00000
559.48018	3092.00000
559.54040	2832.00000
559.60063	3167.00000
559.66085	3262.00000
559.72107	3304.00000
559.78129	3271.00000
559.84150	3138.00000
559.90172	3234.00000
559.96193	3360.00000
560.02214	3410.00000
560.08235	3268.00000
560.14255	3396.00000
560.20276	3056.00000
560.26296	3316.00000
560.32316	3258.00000
560.38336	3120.00000
560.44355	3440.00000
560.50375	3426.00000
560.56394	3208.00000
560.62413	3253.00000
560.68432	3315.00000
560.74450	3264.00000
560.80469	3334.00000
560.86487	3328.00000
560.92505	3334.00000
560.98523	3232.00000
561.04540	3367.00000
561.10558	3380.00000
561.16575	3296.00000
561.22592	3316.00000
561.28609	3552.00000
561.34625	3450.00000
561.40642	3380.00000
561.46658	3246.00000
561.52674	3544.00000
561.58690	3156.00000
561.64705	3458.00000
561.70721	3226.00000
561.76736	3456.00000
561.82751	3218.00000
561.88766	3409.00000
561.94780	3302.00000
562.00795	3380.00000
562.06809	3488.00000
562.12823	3234.00000
562.18837	3455.00000
562.24850	3432.00000
562.30864	3514.00000
562.36877	3364.00000
562.42890	3542.00000
562.48903	3596.00000
562.54915	3424.00000
562.60928	3404.00000
562.66940	3296.00000
562.72952	3301.00000
562.78964	3366.00000
562.84975	3712.00000
562.90987	3344.00000
562.96998	3392.00000
563.03009	3348.00000
563.09020	3255.00000
563.15030	3477.00000
563.21041	3654.00000
563.27051	3583.00000
563.33061	3570.00000
563.39071	3426.00000
563.45080	3530.00000
563.51090	3522.00000
563.57099	3712.00000
563.63108	3488.00000
563.69117	3616.00000
563.75125	3550.00000
563.81134	3682.00000
563.87142	3652.00000
563.93150	3564.00000
563.99158	3332.00000
564.05165	3615.00000
564.11173	3604.00000
564.17180	3856.00000
564.23187	3522.00000
564.29194	3554.00000
564.35200	3568.00000
564.41207	3696.00000
564.47213	3506.00000
564.53219	3386.00000
564.59225	3472.00000
564.65230	3872.00000
564.71236	3791.00000
564.77241	3506.00000
564.83246	3772.00000
564.89251	3782.00000
564.95255	3378.00000
565.01260	3890.00000
565.07264	3520.00000
565.13268	3648.00000
565.19272	3326.00000
565.25275	3292.00000
565.31279	3427.00000
565.37282	3748.00000
565.43285	3618.00000
565.49288	3677.00000
565.55290	3343.00000
565.61293	3730.00000
565.67295	3520.00000
565.73297	3522.00000
565.79299	3493.00000
565.85300	3586.00000
565.91302	3510.00000
565.97303	3538.00000
566.03304	3538.00000
566.09305	3710.00000
566.15305	3730.00000
566.21306	3691.00000
566.27306	3778.00000
566.33306	3654.00000
566.39306	3680.00000
566.45305	3646.00000
566.51305	3629.00000
566.57304	3472.00000
566.63303	3771.00000
566.69302	3806.00000
566.75300	3499.00000
566.81299	3554.00000
566.87297	3746.00000
566.93295	3520.00000
566.99293	3702.00000
567.05290	3612.00000
567.11288	3650.00000
567.17285	3634.00000
567.23282	3602.00000
567.29279	3676.00000
567.35275	3794.00000
567.41272	3886.00000
567.47268	3522.00000
567.53264	3758.00000
567.59260	3479.00000
567.65255	3650.00000
567.71251	3780.00000
567.77246	3434.00000
567.83241	3811.00000
567.89236	3634.00000
567.95230	3408.00000
568.01225	3966.00000
568.07219	3681.00000
568.13213	3698.00000
568.19207	3645.00000
568.25200	3766.00000
568.31194	3971.00000
568.37187	3834.00000
568.43180	3735.00000
568.49173	3732.00000
568.55165	3859.00000
568.61158	3602.00000
568.67150	3570.00000
568.73142	3906.00000
568.79134	3678.00000
568.85125	4069.00000
568.91117	3766.00000
568.97108	3893.00000
569.03099	3681.00000
569.09090	3862.00000
569.15080	4054.00000
569.21071	3738.00000
569.27061	3597.00000
569.33051	3774.00000
569.39041	3752.00000
569.45030	3890.00000
569.51020	3698.00000
569.57009	3626.00000
569.62998	3842.00000
569.68987	3486.00000
569.74975	3746.00000
569.80964	3715.00000
569.86952	3520.00000
569.92940	3710.00000
569.98928	3843.00000
570.04915	3920.00000
570.10903	3802.00000
570.16890	3854.00000
570.22877	3875.00000
570.28864	3968.00000
570.34850	3874.00000
570.40837	3554.00000
570.46823	3698.00000
570.52809	3838.00000
570.58795	3639.00000
570.64780	3763.00000
570.70766	3664.00000
570.76751	3758.00000
570.82736	4081.00000
570.88721	4032.00000
570.94705	3750.00000
571.00690	3734.00000
571.06674	3853.00000
571.12658	3894.00000
571.18642	3952.00000
571.24625	3734.00000
571.30609	3942.00000
571.36592	3840.00000
571.42575	3638.00000
571.48558	3836.00000
571.54540	3908.00000
571.60523	3824.00000
571.66505	3756.00000
571.72487	3870.00000
571.78469	3798.00000
571.84450	3941.00000
571.90432	4179.00000
571.96413	3838.00000
572.02394	3706.00000
572.08375	3915.00000
572.14355	3625.00000
572.20336	4096.00000
572.26316	4164.00000
572.32296	3878.00000
572.38276	3614.00000
572.44255	3900.00000
572.50235	3879.00000
572.56214	3702.00000
572.62193	3888.00000
572.68172	3984.00000
572.74150	3888.00000
572.80129	3948.00000
572.86107	3946.00000
572.92085	3820.00000
572.98063	4354.00000
573.04040	4020.00000
573.10018	3816.00000
573.15995	3956.00000
573.21972	3844.00000
573.27949	3934.00000
573.33925	4294.00000
573.39902	3842.00000
573.45878	4002.00000
573.51854	4122.00000
573.57830	3734.00000
573.63805	3920.00000
573.69781	3942.00000
573.75756	3782.00000
573.81731	3950.00000
573.87706	4284.00000
573.93680	3940.00000
573.99655	3804.00000
574.05629	3953.00000
574.11603	3936.00000
574.17577	4006.00000
574.23550	3946.00000
574.29524	3990.00000
574.35497	4064.00000
574.41470	4282.00000
574.47443	3920.00000
574.53415	4186.00000
574.59388	4066.00000
574.65360	3752.00000
574.71332	4038.00000
574.77304	4226.00000
574.83275	3940.00000
574.89247	4108.00000
574.95218	4162.00000
575.01189	4152.00000
575.07160	4182.00000
575.13130	3984.00000
575.19101	3984.00000
575.25071	3990.00000
575.31041	3796.00000
575.37011	3934.00000
575.42980	3996.00000
575.48950	3940.00000
575.54919	3924.00000
575.60888	4050.00000
575.66857	4352.00000
575.72825	4060.00000
575.78794	3984.00000
575.84762	3966.00000
575.90730	4114.00000
575.96698	4196.00000
576.02665	4032.00000
576.08633	4114.00000
576.14600	4288.00000
576.20567	4286.00000
576.26534	3950.00000
576.32500	4208.00000
576.38467	4304.00000
576.44433	4174.00000
576.50399	4062.00000
576.56365	4160.00000
576.62330	4272.00000
576.68296	4222.00000
576.74261	4208.00000
576.80226	4372.00000
576.86191	4118.00000
576.92155	4240.00000
576.98120	4128.00000
577.04084	4060.00000
577.10048	4252.00000
577.16012	4229.00000
577.21975	4162.00000
577.27939	4192.00000
577.33902	4078.00000
577.39865	4226.00000
577.45828	4162.00000
577.51790	4038.00000
577.57753	4072.00000
577.63715	4228.00000
577.69677	4448.00000
577.75639	4180.00000
577.81600	4368.00000
577.87562	4160.00000
577.93523	4442.00000
577.99484	4334.00000
578.05445	4208.00000
578.11405	4416.00000
578.17366	4286.00000
578.23326	4279.00000
578.29286	4400.00000
578.35246	4388.00000
578.41205	4558.00000
578.47165	4382.00000
578.53124	4350.00000
578.59083	4450.00000
578.65042	4096.00000
578.71000	4466.00000
578.76959	4352.00000
578.82917	4602.00000
578.88875	4276.00000
578.94833	4403.00000
579.00790	4400.00000
579.06748	4516.00000
579.12705	4224.00000
579.18662	4446.00000
579.24619	4253.00000
579.30575	4118.00000
579.36532	4238.00000
579.42488	4650.00000
579.48444	4414.00000
579.54400	4356.00000
579.60355	4320.00000
579.66311	4452.00000
579.72266	4272.00000
579.78221	4416.00000
579.84176	4336.00000
579.90130	4260.00000
579.96085	4512.00000
580.02039	4390.00000
580.07993	4098.00000
580.13947	4372.00000
580.19900	4256.00000
580.25854	4318.00000
580.31807	4502.00000
580.37760	4400.00000
580.43713	4334.00000
580.49665	4356.00000
580.55618	4318.00000
580.61570	4382.00000
580.67522	4348.00000
580.73474	4606.00000
580.79425	4322.00000
580.85377	4452.00000
580.91328	4497.00000
580.97279	4303.00000
581.03230	4388.00000
581.09180	4602.00000
581.15131	4404.00000
581.21081	4352.00000
581.27031	4576.00000
581.32981	4496.00000
581.38930	4416.00000
581.44880	4480.00000
581.50829	4382.00000
581.56778	4116.00000
581.62727	4544.00000
581.68675	4606.00000
581.74624	4400.00000
581.80572	4274.00000
581.86520	4356.00000
581.92468	4556.00000
581.98415	4771.00000
582.04363	4595.00000
582.10310	4462.00000
582.16257	4544.00000
582.22204	4704.00000
582.28150	4242.00000
582.34097	4476.00000
582.40043	4284.00000
582.45989	4608.00000
582.51935	4602.00000
582.57880	4576.00000
582.63826	4656.00000
582.69771	4498.00000
582.75716	4576.00000
582.81661	4308.00000
582.87605	4352.00000
582.93550	4546.00000
582.99494	4432.00000
583.05438	4402.00000
583.11382	4639.00000
583.17325	4358.00000
583.23269	4592.00000
583.29212	4665.00000
583.35155	4572.00000
583.41098	4639.00000
583.47040	4612.00000
583.52983	4492.00000
583.58925	4576.00000
583.64867	4454.00000
583.70809	4444.00000
583.76750	4612.00000
583.82692	4710.00000
583.88633	4770.00000
583.94574	4562.00000
584.00515	4787.00000
584.06455	4690.00000
584.12396	4514.00000
584.18336	4304.00000
584.24276	4644.00000
584.30216	4671.00000
584.36155	4331.00000
584.42095	4784.00000
584.48034	4575.00000
584.53973	4300.00000
584.59912	4878.00000
584.65850	4780.00000
584.71789	4502.00000
584.77727	4786.00000
584.83665	4578.00000
584.89603	4448.00000
584.95540	4614.00000
585.01478	4674.00000
585.07415	4482.00000
585.13352	4863.00000
585.19289	4914.00000
585.25225	4722.00000
585.31162	4642.00000
585.37098	4879.00000
585.43034	4546.00000
585.48970	4972.00000
585.54905	4876.00000
585.60841	4674.00000
585.66776	4683.00000
585.72711	4960.00000
585.78646	4736.00000
585.84580	4668.00000
585.90515	4951.00000
585.96449	4775.00000
586.02383	4706.00000
586.08317	4866.00000
586.14250	4886.00000
586.20184	4806.00000
586.26117	4886.00000
586.32050	4866.00000
586.37983	4822.00000
586.43915	4970.00000
586.49848	4690.00000
586.55780	4800.00000
586.61712	4910.00000
586.67644	5090.00000
586.73575	4738.00000
586.79507	4898.00000
586.85438	4928.00000
586.91369	4791.00000
586.97300	5046.00000
587.03230	4994.00000
587.09161	4890.00000
587.15091	4866.00000
587.21021	4958.00000
587.26951	4844.00000
587.32880	4782.00000
587.38810	5017.00000
587.44739	4898.00000
587.50668	5054.00000
587.56597	5010.00000
587.62525	4886.00000
587.68454	4752.00000
587.74382	5020.00000
587.80310	4754.00000
587.86238	4944.00000
587.92165	4754.00000
587.98093	5164.00000
588.04020	4894.00000
588.09947	4752.00000
588.15874	4944.00000
588.21800	5028.00000
588.27727	4914.00000
588.33653	4912.00000
588.39579	4998.00000
588.45505	4957.00000
588.51430	5182.00000
588.57356	4839.00000
588.63281	5040.00000
588.69206	5328.00000
588.75131	4854.00000
588.81055	4876.00000
588.86980	4816.00000
588.92904	4964.00000
588.98828	5060.00000
589.04752	5254.00000
589.10675	5404.00000
589.16599	4800.00000
589.22522	5169.00000
589.28445	5024.00000
589.34368	4965.00000
589.40290	5040.00000
589.46213	5255.00000
589.52135	4748.00000
589.58057	4976.00000
589.63979	5268.00000
589.69900	4980.00000
589.75822	5172.00000
589.81743	5222.00000
589.87664	5159.00000
589.93585	5358.00000
589.99505	5218.00000
590.05426	4898.00000
590.11346	5054.00000
590.17266	5232.00000
590.23186	5232.00000
590.29105	4898.00000
590.35025	5174.00000
590.40944	5008.00000
590.46863	4944.00000
590.52782	4960.00000
590.58700	5175.00000
590.64619	5030.00000
590.70537	4882.00000
590.76455	5136.00000
590.82373	5376.00000
590.88290	5056.00000
590.94208	5182.00000
591.00125	4928.00000
591.06042	5074.00000
591.11959	5215.00000
591.17875	5334.00000
591.23792	5335.00000
591.29708	5234.00000
591.35624	5006.00000
591.41540	5252.00000
591.47455	5248.00000
591.53371	5392.00000
591.59286	5152.00000
591.65201	4918.00000
591.71116	5444.00000
591.77030	5046.00000
591.82945	5140.00000
591.88859	5282.00000
591.94773	5264.00000
592.00687	4934.00000
592.06600	5168.00000
592.12514	5546.00000
592.18427	5436.00000
592.24340	5458.00000
592.30253	5568.00000
592.36165	4964.00000
592.42078	5290.00000
592.47990	5552.00000
592.53902	5104.00000
592.59814	5360.00000
592.65725	5617.00000
592.71637	5065.00000
592.77548	5046.00000
592.83459	5614.00000
592.89370	5300.00000
592.95280	5200.00000
593.01191	5370.00000
593.07101	5358.00000
593.13011	5100.00000
593.18921	5636.00000
593.24830	5492.00000
593.30740	5325.00000
593.36649	5189.00000
593.42558	5362.00000
593.48467	5136.00000
593.54375	5268.00000
593.60284	5158.00000
593.66192	5300.00000
593.72100	5168.00000
593.78008	5674.00000
593.83915	5700.00000
593.89823	5604.00000
593.95730	5434.00000
594.01637	5520.00000
594.07544	5166.00000
594.13450	5436.00000
594.19357	5568.00000
594.25263	5008.00000
594.31169	5460.00000
594.37075	5856.00000
594.42980	5556.00000
594.48886	5584.00000
594.54791	5444.00000
594.60696	5610.00000
594.66601	5236.00000
594.72505	5450.00000
594.78410	5591.00000
594.84314	5528.00000
594.90218	5684.00000
594.96122	5636.00000
595.02025	5610.00000
595.07929	5302.00000
595.13832	5809.00000
595.19735	5636.00000
595.25638	5460.00000
595.31540	5634.00000
595.37443	5382.00000
595.43345	5346.00000
595.49247	5704.00000
595.55149	5748.00000
595.61050	5438.00000
595.66952	5412.00000
595.72853	5426.00000
595.78754	5756.00000
595.84655	5774.00000
595.90555	5446.00000
595.96456	5398.00000
596.02356	5493.00000
596.08256	5684.00000
596.14156	5654.00000
596.20055	5614.00000
596.25955	5518.00000
596.31854	5764.00000
596.37753	5506.00000
596.43652	5820.00000
596.49550	5644.00000
596.55449	5284.00000
596.61347	5698.00000
596.67245	5746.00000
596.73143	5264.00000
596.79040	5655.00000
596.84938	5676.00000
596.90835	5540.00000
596.96732	5352.00000
597.02629	5574.00000
597.08525	5600.00000
597.14422	5542.00000
597.20318	5796.00000
597.26214	5745.00000
597.32110	5653.00000
597.38005	5430.00000
597.43901	5478.00000
597.49796	5674.00000
597.55691	5612.00000
597.61586	5572.00000
597.67480	5582.00000
597.73375	5092.00000
597.79269	5990.00000
597.85163	5774.00000
597.91057	5422.00000
597.96950	5696.00000
598.02844	5848.00000
598.08737	5696.00000
598.14630	5012.00000
598.20523	5644.00000
598.26415	5662.00000
598.32308	5412.00000
598.38200	5604.00000
598.44092	5536.00000
598.49984	5633.00000
598.55875	5950.00000
598.61767	5968.00000
598.67658	5504.00000
598.73549	5380.00000
598.79440	5586.00000
598.85330	5330.00000
598.91221	5156.00000
598.97111	5726.00000
599.03001	5490.00000
599.08891	5536.00000
599.14780	5613.00000
599.20670	5716.00000
599.26559	5550.00000
599.32448	5566.00000
599.38337	5808.00000
599.44225	5428.00000
599.50114	5478.00000
599.56002	5630.00000
599.61890	5538.00000
599.67778	5536.00000
599.73665	5364.00000
599.79553	5818.00000
599.85440	5694.00000
599.91327	5748.00000
599.97214	5638.00000
600.03100	5472.00000
600.08987	5294.00000
600.14873	5725.00000
600.20759	5362.00000
600.26645	5442.00000
600.32530	5764.00000
600.38416	5748.00000
600.44301	5334.00000
600.50186	5204.00000
600.56071	5814.00000
600.61955	5790.00000
600.67840	5575.00000
600.73724	5639.00000
600.79608	5558.00000
600.85492	5166.00000
600.91375	5444.00000
600.97259	5680.00000
601.03142	5568.00000
601.09025	5442.00000
601.14908	5540.00000
601.20790	5434.00000
601.26673	5524.00000
601.32555	5688.00000
601.38437	5578.00000
601.44319	5576.00000
601.50200	5488.00000
601.56082	5380.00000
601.61963	5374.00000
601.67844	5488.00000
601.73725	5586.00000
601.79605	5183.00000
601.85486	5486.00000
601.91366	5670.00000
601.97246	5524.00000
602.03126	5396.00000
602.09005	5452.00000
602.14885	5607.00000
602.20764	5340.00000
602.26643	5262.00000
602.32522	5568.00000
602.38400	5428.00000
602.44279	5379.00000
602.50157	5640.00000
602.56035	5264.00000
602.61913	5663.00000
602.67790	5374.00000
602.73668	5394.00000
602.79545	5792.00000
602.85422	5820.00000
602.91299	5540.00000
602.97175	5198.00000
603.03052	5327.00000
603.08928	5600.00000
603.14804	5280.00000
603.20680	5142.00000
603.26555	5586.00000
603.32431	5371.00000
603.38306	5592.00000
603.44181	5441.00000
603.50056	5301.00000
603.55930	5433.00000
603.61805	5380.00000
603.67679	5475.00000
603.73553	5146.00000
603.79427	5452.00000
603.85300	5578.00000
603.91174	5365.00000
603.97047	5217.00000
604.02920	5370.00000
604.08793	5600.00000
604.14665	5455.00000
604.20538	5602.00000
604.26410	5679.00000
604.32282	5413.00000
604.38154	5215.00000
604.44025	5398.00000
604.49897	5232.00000
604.55768	5394.00000
604.61639	5247.00000
604.67510	5280.00000
604.73380	5248.00000
604.79251	5287.00000
604.85121	5360.00000
604.90991	5350.00000
604.96861	5347.00000
605.02730	5168.00000
605.08600	5295.00000
605.14469	5133.00000
605.20338	5104.00000
605.26207	5375.00000
605.32075	5293.00000
605.37944	4946.00000
605.43812	5079.00000
605.49680	5053.00000
605.55548	5147.00000
605.61415	5072.00000
605.67283	5296.00000
605.73150	5069.00000
605.79017	5522.00000
605.84884	5202.00000
605.90750	5423.00000
605.96617	4992.00000
606.02483	5186.00000
606.08349	5151.00000
606.14215	5172.00000
606.20080	4962.00000
606.25946	4966.00000
606.31811	5248.00000
606.37676	4859.00000
606.43541	5062.00000
606.49405	5327.00000
606.55270	5202.00000
606.61134	5062.00000
606.66998	5138.00000
606.72862	5005.00000
606.78725	5158.00000
606.84589	5289.00000
606.90452	4961.00000
606.96315	4734.00000
607.02178	5126.00000
607.08040	5335.00000
607.13903	4829.00000
607.19765	5102.00000
607.25627	5282.00000
607.31489	5328.00000
607.37350	5121.00000
607.43212	5119.00000
607.49073	5164.00000
607.54934	5259.00000
607.60795	5110.00000
607.66655	5004.00000
607.72516	4747.00000
607.78376	4876.00000
607.84236	5302.00000
607.90096	4944.00000
607.95955	4688.00000
608.01815	5024.00000
608.07674	5122.00000
608.13533	5088.00000
608.19392	4594.00000
608.25250	4672.00000
608.31109	4886.00000
608.36967	5026.00000
608.42825	4934.00000
608.48683	4752.00000
608.54540	4972.00000
608.60398	5106.00000
608.66255	4952.00000
608.72112	4816.00000
608.77969	4880.00000
608.83825	4945.00000
608.89682	5008.00000
608.95538	4802.00000
609.01394	4929.00000
609.07250	4918.00000
609.13105	4898.00000
609.18961	4833.00000
609.24816	4934.00000
609.30671	4942.00000
609.36526	4854.00000
609.42380	4848.00000
609.48235	5088.00000
609.54089	5040.00000
609.59943	4769.00000
609.65797	5058.00000
609.71650	5116.00000
609.77504	4646.00000
609.83357	5072.00000
609.89210	5094.00000
609.95063	4544.00000
610.00915	4821.00000
610.06768	4992.00000
610.12620	4747.00000
610.18472	4801.00000
610.24324	4834.00000
610.30175	4786.00000
610.36027	4732.00000
610.41878	4946.00000
610.47729	4904.00000
610.53580	4759.00000
610.59430	4815.00000
610.65281	4802.00000
610.71131	5110.00000
610.76981	4568.00000
610.82831	4416.00000
610.88680	4550.00000
610.94530	4710.00000
611.00379	4706.00000
611.06228	4758.00000
611.12077	4846.00000
611.17925	4713.00000
611.23774	4891.00000
611.29622	4850.00000
611.35470	4752.00000
611.41318	4630.00000
611.47165	4726.00000
611.53013	4774.00000
611.58860	4430.00000
611.64707	4621.00000
611.70554	4596.00000
611.76400	4686.00000
611.82247	4599.00000
611.88093	4496.00000
611.93939	4311.00000
611.99785	4799.00000
612.05630	4475.00000
612.11476	4806.00000
612.17321	4535.00000
612.23166	4600.00000
612.29011	4930.00000
612.34855	4944.00000
612.40700	4768.00000
612.46544	4637.00000
612.52388	4520.00000
612.58232	4609.00000
612.64075	4592.00000
612.69919	4633.00000
612.75762	4640.00000
612.81605	4435.00000
612.87448	4402.00000
612.93290	4423.00000
612.99133	4475.00000
613.04975	4672.00000
613.10817	4469.00000
613.16659	4608.00000
613.22500	4426.00000
613.28342	4780.00000
613.34183	4588.00000
613.40024	4474.00000
613.45865	4284.00000
613.51705	4589.00000
613.57546	4404.00000
613.63386	4480.00000
613.69226	4528.00000
613.75066	4415.00000
613.80905	4350.00000
613.86745	4317.00000
613.92584	4368.00000
613.98423	4465.00000
614.04262	4327.00000
614.10100	4544.00000
614.15939	4223.00000
614.21777	4296.00000
614.27615	4202.00000
614.33453	4496.00000
614.39290	4269.00000
614.45128	4368.00000
614.50965	4352.00000
614.56802	4335.00000
614.62639	4162.00000
614.68475	4368.00000
614.74312	4140.00000
614.80148	4272.00000
614.85984	4152.00000
614.91820	4503.00000
614.97655	4373.00000
615.03491	4228.00000
615.09326	4292.00000
615.15161	4212.00000
615.20996	4309.00000
615.26830	4206.00000
615.32665	3994.00000
615.38499	4286.00000
615.44333	4232.00000
615.50167	4151.00000
615.56000	4357.00000
615.61834	4218.00000
615.67667	4250.00000
615.73500	4130.00000
615.79333	4164.00000
615.85165	4248.00000
615.90998	4106.00000
615.96830	4074.00000
616.02662	4174.00000
616.08494	4034.00000
616.14325	4290.00000
616.20157	4104.00000
616.25988	4272.00000
616.31819	4398.00000
616.37650	4271.00000
616.43480	4194.00000
616.49311	3982.00000
616.55141	4066.00000
616.60971	3826.00000
616.66801	3934.00000
616.72630	3922.00000
616.78460	3886.00000
616.84289	4206.00000
616.90118	4093.00000
616.95947	3902.00000
617.01775	4158.00000
617.07604	3942.00000
617.13432	4073.00000
617.19260	4046.00000
617.25088	3988.00000
617.30915	4046.00000
617.36743	3953.00000
617.42570	4242.00000
617.48397	3940.00000
617.54224	4016.00000
617.60050	4004.00000
617.65877	4128.00000
617.71703	4167.00000
617.77529	4064.00000
617.83355	4000.00000
617.89180	3878.00000
617.95006	3968.00000
618.00831	4107.00000
618.06656	4038.00000
618.12481	3926.00000
618.18305	3798.00000
618.24130	4266.00000
618.29954	4000.00000
618.35778	3792.00000
618.41602	4040.00000
618.47425	3966.00000
618.53249	3858.00000
618.59072	3902.00000
618.64895	3935.00000
618.70718	4068.00000
618.76540	4144.00000
618.82363	3850.00000
618.88185	4068.00000
618.94007	3940.00000
618.99829	3812.00000
619.05650	4016.00000
619.11472	3788.00000
619.17293	3888.00000
619.23114	3860.00000
619.28935	3794.00000
619.34755	3871.00000
619.40576	3638.00000
619.46396	3816.00000
619.52216	4098.00000
619.58036	4090.00000
619.63855	3630.00000
619.69675	3742.00000
619.75494	3740.00000
619.81313	3671.00000
619.87132	3702.00000
619.92950	3826.00000
619.98769	3598.00000
620.04587	3840.00000
620.10405	3660.00000
620.16223	3878.00000
620.22040	3968.00000
620.27858	3774.00000
620.33675	3854.00000
620.39492	3716.00000
620.45309	3712.00000
620.51125	3668.00000
620.56942	3696.00000
620.62758	3810.00000
620.68574	3832.00000
620.74390	3642.00000
620.80205	3714.00000
620.86021	3698.00000
620.91836	3560.00000
620.97651	3430.00000
621.03466	3792.00000
621.09280	3744.00000
621.15095	3430.00000
621.20909	3668.00000
621.26723	3428.00000
621.32537	3510.00000
621.38350	3636.00000
621.44164	3532.00000
621.49977	3710.00000
621.55790	3608.00000
621.61603	3492.00000
621.67415	3734.00000
621.73228	3391.00000
621.79040	3520.00000
621.84852	3419.00000
621.90664	3374.00000
621.96475	3690.00000
622.02287	3860.00000
622.08098	3440.00000
622.13909	3452.00000
622.19720	3188.00000
622.25530	3692.00000
622.31341	3360.00000
622.37151	3715.00000
622.42961	3686.00000
622.48771	3420.00000
622.54580	3426.00000
622.60390	3266.00000
622.66199	3334.00000
622.72008	3317.00000
622.77817	3492.00000
622.83625	3564.00000
622.89434	3254.00000
622.95242	3392.00000
623.01050	3414.00000
623.06858	3458.00000
623.12665	3591.00000
623.18473	3232.00000
623.24280	3264.00000
623.30087	3532.00000
623.35894	3330.00000
623.41700	3334.00000
623.47507	3250.00000
623.53313	3248.00000
623.59119	3540.00000
623.64925	3392.00000
623.70730	3328.00000
623.76536	3410.00000
623.82341	3130.00000
623.88146	3055.00000
623.93951	3280.00000
623.99755	3200.00000
624.05560	3152.00000
624.11364	3212.00000
624.17168	3666.00000
624.22972	3394.00000
624.28775	3360.00000
624.34579	3250.00000
624.40382	3325.00000
624.46185	3615.00000
624.51988	3474.00000
624.57790	3350.00000
624.63593	3010.00000
624.69395	3127.00000
624.75197	2816.00000
624.80999	3152.00000
624.86800	3279.00000
624.92602	3410.00000
624.98403	3423.00000
625.04204	3124.00000
625.10005	3007.00000
625.15805	2998.00000
625.21606	3163.00000
625.27406	3170.00000
625.33206	3170.00000
625.39006	3115.00000
625.44805	3005.00000
625.50605	3073.00000
625.56404	3074.00000
625.62203	3083.00000
625.68002	3174.00000
625.73800	2930.00000
625.79599	2859.00000
625.85397	2913.00000
625.91195	2882.00000
625.96993	3167.00000
626.02790	3136.00000
626.08588	2960.00000
626.14385	3174.00000
626.20182	2802.00000
626.25979	3151.00000
626.31775	2837.00000
626.37572	3092.00000
626.43368	3042.00000
626.49164	2959.00000
626.54960	2539.00000
626.60755	2945.00000
626.66551	3250.00000
626.72346	2961.00000
626.78141	3151.00000
626.83936	2973.00000
626.89730	2815.00000
626.95525	2805.00000
627.01319	2990.00000
627.07113	2898.00000
627.12907	2898.00000
627.18700	2871.00000
627.24494	2912.00000
627.30287	2722.00000
627.36080	2962.00000
627.41873	2916.00000
627.47665	3010.00000
627.53458	3102.00000
627.59250	2998.00000
627.65042	2786.00000
627.70834	3058.00000
627.76625	2846.00000
627.82417	2734.00000
627.88208	2720.00000
627.93999	2566.00000
627.99790	2966.00000
628.05580	2752.00000
628.11371	2702.00000
628.17161	2861.00000
628.22951	2772.00000
628.28741	2781.00000
628.34530	2914.00000
628.40320	2964.00000
628.46109	2594.00000
628.51898	2546.00000
628.57687	2704.00000
628.63475	2848.00000
628.69264	2978.00000
628.75052	3056.00000
628.80840	2966.00000
628.86628	2802.00000
628.92415	2910.00000
628.98203	2882.00000
629.03990	2674.00000
629.09777	3010.00000
629.15564	2946.00000
629.21350	2724.00000
629.27137	2560.00000
629.32923	2450.00000
629.38709	2610.00000
629.44495	2802.00000
629.50280	2882.00000
629.56066	2487.00000
629.61851	2610.00000
629.67636	2594.00000
629.73421	2763.00000
629.79205	2786.00000
629.84990	2774.00000
629.90774	2946.00000
629.96558	3022.00000
630.02342	2621.00000
630.08125	2694.00000
630.13909	2871.00000
630.19692	2590.00000
630.25475	2736.00000
630.31258	3028.00000
630.37040	2636.00000
630.42823	2483.00000
630.48605	2683.00000
630.54387	2576.00000
630.60169	2642.00000
630.65950	2788.00000
630.71732	2691.00000
630.77513	2764.00000
630.83294	2722.00000
630.89075	2698.00000
630.94855	2480.00000
631.00636	2640.00000
631.06416	2818.00000
631.12196	2386.00000
631.17976	2718.00000
631.23755	2610.00000
631.29535	2814.00000
631.35314	2502.00000
631.41093	2454.00000
631.46872	2850.00000
631.52650	2608.00000
631.58429	2637.00000
631.64207	2866.00000
631.69985	2724.00000
631.75763	2560.00000
631.81540	2555.00000
631.87318	2724.00000
631.93095	2836.00000
631.98872	2716.00000
632.04649	2706.00000
632.10425	2498.00000
632.16202	2480.00000
632.21978	2565.00000
632.27754	2478.00000
632.33530	2450.00000
632.39305	2528.00000
632.45081	2382.00000
632.50856	2432.00000
632.56631	2694.00000
632.62406	2868.00000
632.68180	2480.00000
632.73955	2260.00000
632.79729	2432.00000
632.85503	2402.00000
632.91277	2274.00000
632.97050	2347.00000
633.02824	2790.00000
633.08597	2766.00000
633.14370	2374.00000
633.20143	2400.00000
633.25915	2445.00000
633.31688	2672.00000
633.37460	2578.00000
633.43232	2534.00000
633.49004	2482.00000
633.54775	2358.00000
633.60547	2480.00000
633.66318	2433.00000
633.72089	2400.00000
633.77860	2234.00000
633.83630	2260.00000
633.89401	2334.00000
633.95171	2532.00000
634.00941	2575.00000
634.06711	2808.00000
634.12480	2450.00000
634.18250	2000.00000
634.24019	2446.00000
634.29788	2416.00000
634.35557	2560.00000
634.41325	2334.00000
634.47094	2300.00000
634.52862	2250.00000
634.58630	2382.00000
634.64398	2554.00000
634.70165	2302.00000
634.75933	2292.00000
634.81700	2272.00000
634.87467	2236.00000
634.93234	2232.00000
634.99000	2490.00000
635.04767	2314.00000
635.10533	2324.00000
635.16299	2138.00000
635.22065	2612.00000
635.27830	2120.00000
635.33596	2274.00000
635.39361	2294.00000
635.45126	2356.00000
635.50891	2204.00000
635.56655	2366.00000
635.62420	2334.00000
635.68184	2144.00000
635.73948	2132.00000
635.79712	2204.00000
635.85475	2230.00000
635.91239	2046.00000
635.97002	2526.00000
636.02765	2292.00000
636.08528	2416.00000
636.14290	2498.00000
636.20053	2260.00000
636.25815	2076.00000
636.31577	2076.00000
636.37339	2454.00000
636.43100	2035.00000
636.48862	2010.00000
636.54623	2380.00000
636.60384	2450.00000
636.66145	2144.00000
636.71905	2480.00000
636.77666	2102.00000
636.83426	2020.00000
636.89186	2242.00000
636.94946	3030.00000
637.00705	2476.00000
637.06465	2160.00000
637.12224	2292.00000
637.17983	2188.00000
637.23742	2199.00000
637.29500	2400.00000
637.35259	2176.00000
637.41017	1936.00000
637.46775	2227.00000
637.52533	2278.00000
637.58290	2480.00000
637.64048	2281.00000
637.69805	2192.00000
637.75562	2318.00000
637.81319	2394.00000
637.87075	2606.00000
637.92832	2358.00000
637.98588	2406.00000
638.04344	2197.00000
638.10100	2358.00000
638.15855	2432.00000
638.21611	2304.00000
638.27366	2102.00000
638.33121	2302.00000
638.38876	2242.00000
638.44630	2143.00000
638.50385	2064.00000
638.56139	2403.00000
638.61893	2336.00000
638.67647	2272.00000
638.73400	2222.00000
638.79154	2148.00000
638.84907	2109.00000
638.90660	2021.00000
638.96413	2352.00000
639.02165	2148.00000
639.07918	2304.00000
639.13670	2532.00000
639.19422	1990.00000
639.25174	2387.00000
639.30925	2032.00000
639.36677	2244.00000
639.42428	2144.00000
639.48179	2446.00000
639.53930	2388.00000
639.59680	2256.00000
639.65431	2047.00000
639.71181	2052.00000
639.76931	1952.00000
639.82681	2382.00000
639.88430	2030.00000
639.94180	2292.00000
639.99929	2287.00000
640.05678	1980.00000
640.11427	2180.00000
640.17175	2402.00000
640.22924	2100.00000
640.28672	2180.00000
640.34420	2148.00000
640.40168	2037.00000
640.45915	2320.00000
640.51663	2192.00000
640.57410	2080.00000
640.63157	2230.00000
640.68904	1982.00000
640.74650	2206.00000
640.80397	2116.00000
640.86143	2100.00000
640.91889	1990.00000
640.97635	1918.00000
641.03380	2196.00000
641.09126	2212.00000
641.14871	2267.00000
641.20616	1941.00000
641.26361	2053.00000
641.32105	2112.00000
641.37850	2176.00000
641.43594	2240.00000
641.49338	2014.00000
641.55082	2094.00000
641.60825	2258.00000
641.66569	2192.00000
641.72312	2276.00000
641.78055	1996.00000
641.83798	1890.00000
641.89540	2252.00000
641.95283	1982.00000
642.01025	2286.00000
642.06767	1904.00000
642.12509	2154.00000
642.18250	1950.00000
642.23992	2194.00000
642.29733	1940.00000
642.35474	1844.00000
642.41215	2141.00000
642.46955	2056.00000
642.52696	1996.00000
642.58436	1954.00000
642.64176	1934.00000
642.69916	1984.00000
642.75655	2080.00000
642.81395	1923.00000
642.87134	1986.00000
642.92873	1520.00000
642.98612	1936.00000
643.04350	1936.00000
643.10089	2142.00000
643.15827	2182.00000
643.21565	2064.00000
643.27303	2076.00000
643.33040	2064.00000
643.38778	1964.00000
643.44515	1919.00000
643.50252	2194.00000
643.55989	1904.00000
643.61725	1788.00000
643.67462	2048.00000
643.73198	2146.00000
643.78934	2091.00000
643.84670	1824.00000
643.90405	2111.00000
643.96141	1903.00000
644.01876	2159.00000
644.07611	2048.00000
644.13346	2092.00000
644.19080	1890.00000
644.24815	2066.00000
644.30549	2192.00000
644.36283	2211.00000
644.42017	2095.00000
644.47750	2046.00000
644.53484	2118.00000
644.59217	1870.00000
644.64950	1820.00000
644.70683	2210.00000
644.76415	1875.00000
644.82148	1956.00000
644.87880	1954.00000
644.93612	2113.00000
644.99344	2320.00000
645.05075	2046.00000
645.10807	2162.00000
645.16538	2031.00000
645.22269	2006.00000
645.28000	1742.00000
645.33730	2178.00000
645.39461	2450.00000
645.45191	1840.00000
645.50921	1900.00000
645.56651	2212.00000
645.62380	2075.00000
645.68110	2094.00000
645.73839	2064.00000
645.79568	2062.00000
645.85297	2082.00000
645.91025	2018.00000
645.96754	1958.00000
646.02482	2162.00000
646.08210	1890.00000
646.13938	2032.00000
646.19665	1714.00000
646.25393	1984.00000
646.31120	1920.00000
646.36847	1984.00000
646.42574	1985.00000
646.48300	2178.00000
646.54027	1626.00000
646.59753	1900.00000
646.65479	2098.00000
646.71205	1868.00000
646.76930	2048.00000
646.82656	1534.00000
646.88381	1678.00000
646.94106	1660.00000
646.99831	1840.00000
647.05555	1798.00000
647.11280	1898.00000
647.17004	1552.00000
647.22728	1826.00000
647.28452	1923.00000
647.34175	2114.00000
647.39899	1788.00000
647.45622	1766.00000
647.51345	1810.00000
647.57068	1692.00000
647.62790	1966.00000
647.68513	1872.00000
647.74235	1808.00000
647.79957	1824.00000
647.85679	1694.00000
647.91400	1826.00000
647.97122	1682.00000
648.02843	1614.00000
648.08564	1618.00000
648.14285	1616.00000
648.20005	1724.00000
648.25726	1862.00000
648.31446	1876.00000
648.37166	1806.00000
648.42886	1750.00000
648.48605	1680.00000
648.54325	1940.00000
648.60044	1430.00000
648.65763	1616.00000
648.71482	1936.00000
648.77200	1910.00000
648.82919	1812.00000
648.88637	1854.00000
648.94355	1850.00000
649.00073	1934.00000
649.05790	1822.00000
649.11508	1772.00000
649.17225	1858.00000
649.22942	1668.00000
649.28659	1760.00000
649.34375	2036.00000
649.40092	1764.00000
649.45808	1730.00000
649.51524	1874.00000
649.57240	2039.00000
649.62955	1632.00000
649.68671	1460.00000
649.74386	1920.00000
649.80101	1712.00000
649.85816	1682.00000
649.91530	1532.00000
649.97245	1712.00000
650.02959	1840.00000
650.08673	1806.00000
650.14387	1932.00000
650.20100	1900.00000
650.25814	1610.00000
650.31527	1652.00000
650.37240	1698.00000
650.42953	1870.00000
650.48665	1922.00000
650.54378	1342.00000
650.60090	1762.00000
650.65802	1648.00000
650.71514	2114.00000
650.77225	1604.00000
650.82937	1824.00000
650.88648	1520.00000
650.94359	1442.00000
651.00070	1590.00000
651.05780	1376.00000
651.11491	1616.00000
651.17201	1601.00000
651.22911	1588.00000
651.28621	1716.00000
651.34330	1634.00000
651.40040	1477.00000
651.45749	1754.00000
651.51458	1671.00000
651.57167	1684.00000
651.62875	1424.00000
651.68584	1614.00000
651.74292	1278.00000
651.80000	1296.00000
651.85708	1518.00000
651.91415	1658.00000
651.97123	1526.00000
652.02830	1570.00000
652.08537	1600.00000
652.14244	1471.00000
652.19950	1658.00000
652.25657	1646.00000
652.31363	1531.00000
652.37069	1546.00000
652.42775	1538.00000
652.48480	1570.00000
652.54186	1793.00000
652.59891	1440.00000
652.65596	1486.00000
652.71301	1679.00000
652.77005	1137.00000
652.82710	1466.00000
652.88414	1456.00000
652.94118	1587.00000
652.99822	1557.00000
653.05525	1456.00000
653.11229	1095.00000
653.16932	1338.00000
653.22635	1750.00000
653.28338	1666.00000
653.34040	1628.00000
653.39743	1410.00000
653.45445	1268.00000
653.51147	1072.00000
653.56849	1636.00000
653.62550	1388.00000
653.68252	1444.00000
653.73953	1488.00000
653.79654	1248.00000
653.85355	1408.00000
653.91055	1284.00000
653.96756	1378.00000
654.02456	1470.00000
654.08156	1412.00000
654.13856	1409.00000
654.19555	1258.00000
654.25255	1486.00000
654.30954	1368.00000
654.36653	1376.00000
654.42352	1376.00000
654.48050	1392.00000
654.53749	1434.00000
654.59447	1594.00000
654.65145	1294.00000
654.70843	1576.00000
654.76540	1296.00000
654.82238	1350.00000
654.87935	1370.00000
654.93632	1380.00000
654.99329	1156.00000
655.05025	1362.00000
655.10722	1143.00000
655.16418	1508.00000
655.22114	1246.00000
655.27810	1544.00000
655.33505	1330.00000
655.39201	1438.00000
655.44896	1428.00000
655.50591	1164.00000
655.56286	1060.00000
655.61980	1756.00000
655.67675	1198.00000
655.73369	1370.00000
655.79063	1328.00000
655.84757	1198.00000
655.90450	1108.00000
655.96144	1468.00000
656.01837	1574.00000
656.07530	1186.00000
656.13223	1234.00000
656.18915	1198.00000
656.24608	1042.00000
656.30300	1422.00000
656.35992	1392.00000
656.41684	1454.00000
656.47375	1666.00000
656.53067	1443.00000
656.58758	1382.00000
656.64449	1224.00000
656.70140	1336.00000
656.75830	1050.00000
656.81521	1270.00000
656.87211	1136.00000
656.92901	1118.00000
656.98591	606.00000
657.04280	1328.00000
657.09970	1390.00000
657.15659	1396.00000
657.21348	1310.00000
657.27037	1094.00000
657.32725	1214.00000
657.38414	1205.00000
657.44102	1070.00000
657.49790	1156.00000
657.55478	1412.00000
657.61165	1070.00000
657.66853	1226.00000
657.72540	1230.00000
657.78227	1332.00000
657.83914	1396.00000
657.89600	1154.00000
657.95287	1296.00000
658.00973	1278.00000
658.06659	1012.00000
658.12345	1045.00000
658.18030	958.00000
658.23716	1152.00000
658.29401	1138.00000
658.35086	1326.00000
658.40771	1358.00000
658.46455	1284.00000
658.52140	1250.00000
658.57824	998.00000
658.63508	1000.00000
658.69192	1264.00000
658.74875	1024.00000
658.80559	1046.00000
658.86242	1056.00000
658.91925	1026.00000
658.97608	1054.00000
659.03290	1280.00000
659.08973	1274.00000
659.14655	1220.00000
659.20337	996.00000
659.26019	894.00000
659.31700	883.00000
659.37382	1101.00000
659.43063	1008.00000
659.48744	968.00000
659.54425	1032.00000
659.60105	1014.00000
659.65786	826.00000
659.71466	1010.00000
659.77146	850.00000
659.82826	1054.00000
659.88505	1038.00000
659.94185	607.00000
659.99864	942.00000
660.05543	978.00000
660.11222	942.00000
660.16900	1008.00000
660.22579	932.00000
660.28257	1294.00000
660.33935	1220.00000
660.39613	1302.00000
660.45290	948.00000
660.50968	1024.00000
660.56645	1668.00000
660.62322	1028.00000
660.67999	868.00000
660.73675	770.00000
660.79352	750.00000
660.85028	1044.00000
660.90704	858.00000
660.96380	1264.00000
661.02055	928.00000
661.07731	1256.00000
661.13406	916.00000
661.19081	964.00000
661.24756	799.00000
661.30430	732.00000
661.36105	674.00000
661.41779	940.00000
661.47453	930.00000
661.53127	788.00000
661.58800	930.00000
661.64474	1134.00000
661.70147	882.00000
661.75820	886.00000
661.81493	820.00000
661.87165	960.00000
661.92838	738.00000
661.98510	924.00000
662.04182	982.00000
662.09854	1083.00000
662.15525	788.00000
662.21197	723.00000
662.26868	685.00000
662.32539	868.00000
662.38210	1152.00000
662.43880	1122.00000
662.49551	838.00000
662.55221	841.00000
662.60891	798.00000
662.66561	836.00000
662.72230	960.00000
662.77900	943.00000
662.83569	723.00000
662.89238	911.00000
662.94907	528.00000
663.00575	646.00000
663.06244	341.00000
663.11912	859.00000
663.17580	834.00000
663.23248	899.00000
663.28915	568.00000
663.34583	863.00000
663.40250	832.00000
663.45917	543.00000
663.51584	848.00000
663.57250	548.00000
663.62917	863.00000
663.68583	858.00000
663.74249	655.00000
663.79915	615.00000
663.85580	932.00000
663.91246	598.00000
663.96911	498.00000
664.02576	640.00000
664.08241	590.00000
664.13905	790.00000
664.19570	672.00000
664.25234	1050.00000
664.30898	722.00000
664.36562	660.00000
664.42225	902.00000
664.47889	479.00000
664.53552	386.00000
664.59215	466.00000
664.64878	660.00000
664.70540	566.00000
664.76203	626.00000
664.81865	589.00000
664.87527	991.00000
664.93189	683.00000
664.98850	540.00000
665.04512	699.00000
665.10173	512.00000
665.15834	359.00000
665.21495	603.00000
665.27155	484.00000
665.32816	610.00000
665.38476	594.00000
665.44136	710.00000
665.49796	463.00000
665.55455	672.00000
665.61115	800.00000
665.66774	546.00000
665.72433	322.00000
665.78092	610.00000
665.83750	626.00000
665.89409	385.00000
665.95067	546.00000
666.00725	527.00000
666.06383	524.00000
666.12040	732.00000
666.17698	626.00000
666.23355	370.00000
666.29012	622.00000
666.34669	526.00000
666.40325	715.00000
666.45982	535.00000
666.51638	402.00000
666.57294	454.00000
666.62950	546.00000
666.68605	422.00000
666.74261	432.00000
666.79916	608.00000
666.85571	444.00000
666.91226	656.00000
666.96880	688.00000
667.02535	1178.00000
667.08189	470.00000
667.13843	496.00000
667.19497	470.00000
667.25150	386.00000
667.30804	412.00000
667.36457	583.00000
667.42110	759.00000
667.47763	383.00000
667.53415	638.00000
667.59068	416.00000
667.64720	398.00000
667.70372	562.00000
667.76024	478.00000
667.81675	576.00000
667.87327	520.00000
667.92978	414.00000
667.98629	788.00000
668.04280	449.00000
668.09930	432.00000
668.15581	498.00000
668.21231	542.00000
668.26881	581.00000
668.32531	373.00000
668.38180	238.00000
668.43830	525.00000
668.49479	694.00000
668.55128	610.00000
668.60777	373.00000
668.66425	247.00000
668.72074	463.00000
668.77722	469.00000
668.83370	384.00000
668.89018	271.00000
668.94665	669.00000
669.00313	610.00000
669.05960	368.00000
669.11607	280.00000
669.17254	-14.00000
669.22900	546.00000
669.28547	504.00000
669.34193	838.00000
669.39839	704.00000
669.45485	452.00000
669.51130	461.00000
669.56776	334.00000
669.62421	528.00000
669.68066	250.00000
669.73711	623.00000
669.79355	422.00000
669.85000	520.00000
669.90644	480.00000
669.96288	314.00000
670.01932	446.00000
670.07575	978.00000
670.13219	444.00000
670.18862	418.00000
670.24505	264.00000
670.30148	284.00000
670.35790	345.00000
670.41433	444.00000
670.47075	364.00000
670.52717	-5.00000
670.58359	520.00000
670.64000	524.00000
670.69642	570.00000
670.75283	494.00000
670.80924	443.00000
670.86565	514.00000
670.92205	448.00000
670.97846	766.00000
671.03486	386.00000
671.09126	397.00000
671.14766	191.00000
671.20405	512.00000
671.26045	356.00000
671.31684	212.00000
671.37323	374.00000
671.42962	336.00000
671.48600	528.00000
671.54239	240.00000
671.59877	235.00000
671.65515	354.00000
671.71153	446.00000
671.76790	562.00000
671.82428	269.00000
671.88065	256.00000
671.93702	477.00000
671.99339	380.00000
672.04975	578.00000
672.10612	494.00000
672.16248	304.00000
672.21884	90.00000
672.27520	202.00000
672.33155	338.00000
672.38791	206.00000
672.44426	258.00000
672.50061	398.00000
672.55696	548.00000
672.61330	432.00000
672.66965	298.00000
672.72599	224.00000
672.78233	530.00000
672.83867	94.00000
672.89500	290.00000
672.95134	282.00000
673.00767	466.00000
673.06400	26.00000
673.12033	456.00000
673.17665	382.00000
673.23298	537.00000
673.28930	548.00000
673.34562	272.00000
673.40194	254.00000
673.45825	276.00000
673.51457	371.00000
673.57088	400.00000
673.62719	58.00000
673.68350	404.00000
673.73980	528.00000
673.79611	506.00000
673.85241	389.00000
673.90871	432.00000
673.96501	434.00000
674.02130	292.00000
674.07760	402.00000
674.13389	138.00000
674.19018	282.00000
674.24647	190.00000
674.30275	368.00000
674.35904	400.00000
674.41532	382.00000
674.47160	304.00000
674.52788	598.00000
674.58415	190.00000
674.64043	279.00000
674.69670	244.00000
674.75297	298.00000
674.80924	198.00000
674.86550	542.00000
674.92177	18.00000
674.97803	368.00000
675.03429	320.00000
675.09055	400.00000
675.14680	386.00000
675.20306	254.00000
675.25931	350.00000
675.31556	286.00000
675.37181	158.00000
675.42805	245.00000
675.48430	252.00000
675.54054	152.00000
675.59678	358.00000
675.65302	334.00000
675.70925	415.00000
675.76549	238.00000
675.82172	116.00000
675.87795	19.00000
675.93418	280.00000
675.99040	74.00000
676.04663	146.00000
676.10285	344.00000
676.15907	529.00000
676.21529	400.00000
676.27150	260.00000
676.32772	580.00000
676.38393	126.00000
676.44014	206.00000
676.49635	134.00000
676.55255	264.00000
676.60876	370.00000
676.66496	2.00000
676.72116	139.00000
676.77736	58.00000
676.83355	222.00000
676.88975	156.00000
676.94594	96.00000
677.00213	112.00000
677.05832	9.00000
677.11450	94.00000
677.17069	312.00000
677.22687	98.00000
677.28305	118.00000
677.33923	10.00000
677.39540	338.00000
677.45158	304.00000
677.50775	193.00000
677.56392	16.00000
677.62009	276.00000
677.67625	366.00000
677.73242	356.00000
677.78858	208.00000
677.84474	194.00000
677.90090	386.00000
677.95705	16.00000
678.01321	-64.00000
678.06936	251.00000
678.12551	176.00000
678.18166	366.00000
678.23780	256.00000
678.29395	220.00000
678.35009	324.00000
678.40623	346.00000
678.46237	-12.00000
678.51850	288.00000
678.57464	90.00000
678.63077	-96.00000
678.68690	316.00000
678.74303	492.00000
678.79915	386.00000
678.85528	256.00000
678.91140	44.00000
678.96752	212.00000
679.02364	198.00000
679.07975	-96.00000
679.13587	388.00000
679.19198	266.00000
679.24809	144.00000
679.30420	448.00000
679.36030	516.00000
679.41641	320.00000
679.47251	226.00000
679.52861	20.00000
679.58471	498.00000
679.64080	308.00000
679.69690	-30.00000
679.75299	76.00000
679.80908	442.00000
679.86517	182.00000
679.92125	412.00000
