378.63484	-93.00000
378.70114	96.00000
378.76744	-80.00000
378.83373	-14.00000
378.90002	-414.00000
378.96630	1.00000
379.03258	-73.00000
379.09886	188.00000
379.16513	-256.00000
379.23140	78.00000
379.29767	148.00000
379.36393	34.00000
379.43019	-78.00000
379.49644	-36.00000
379.56269	-90.00000
379.62893	-490.00000
379.69517	-130.00000
379.76141	16.00000
379.82764	32.00000
379.89387	-10.00000
379.96010	32.00000
380.02632	90.00000
380.09254	-16.00000
380.15875	48.00000
380.22496	-160.00000
380.29116	150.00000
380.35736	28.00000
380.42356	-80.00000
380.48975	-48.00000
380.55594	-80.00000
380.62213	-14.00000
380.68831	-244.00000
380.75449	-16.00000
380.82066	194.00000
380.88683	-44.00000
380.95299	34.00000
381.01915	-176.00000
381.08531	-212.00000
381.15146	6.00000
381.21761	176.00000
381.28376	-222.00000
381.34990	-112.00000
381.41604	96.00000
381.48217	-66.00000
381.54830	32.00000
381.61442	22.00000
381.68054	-14.00000
381.74666	-83.00000
381.81277	-46.00000
381.87888	64.00000
381.94499	-156.00000
382.01109	-106.00000
382.07719	354.00000
382.14328	-64.00000
382.20937	69.00000
382.27545	58.00000
382.34153	262.00000
382.40761	160.00000
382.47368	-89.00000
382.53975	-16.00000
382.60582	-218.00000
382.67188	47.00000
382.73794	354.00000
382.80399	-50.00000
382.87004	16.00000
382.93608	18.00000
383.00212	128.00000
383.06816	-114.00000
383.13419	223.00000
383.20022	-130.00000
383.26625	146.00000
383.33227	82.00000
383.39829	82.00000
383.46430	50.00000
383.53031	44.00000
383.59631	-223.00000
383.66231	66.00000
383.72831	434.00000
383.79430	78.00000
383.86029	162.00000
383.92628	164.00000
383.99226	50.00000
384.05824	-33.00000
384.12421	-12.00000
384.19018	32.00000
384.25614	-64.00000
384.32210	-206.00000
384.38806	-158.00000
384.45401	192.00000
384.51996	74.00000
384.58591	146.00000
384.65185	-100.00000
384.71779	86.00000
384.78372	28.00000
384.84965	-158.00000
384.91557	126.00000
384.98149	124.00000
385.04741	192.00000
385.11332	-142.00000
385.17923	-78.00000
385.24514	-194.00000
385.31104	-36.00000
385.37694	-272.00000
385.44283	384.00000
385.50872	-48.00000
385.57460	-82.00000
385.64048	-66.00000
385.70636	-206.00000
385.77223	64.00000
385.83810	138.00000
385.90397	1804.00000
385.96983	-98.00000
386.03569	-160.00000
386.10154	-94.00000
386.16739	-86.00000
386.23323	160.00000
386.29907	66.00000
386.36491	2.00000
386.43074	-416.00000
386.49657	1392.00000
386.56240	-302.00000
386.62822	44.00000
386.69404	83.00000
386.75985	112.00000
386.82566	-77.00000
386.89146	92.00000
386.95726	-288.00000
387.02306	52.00000
387.08885	-66.00000
387.15464	-86.00000
387.22043	-157.00000
387.28621	50.00000
387.35199	16.00000
387.41776	-224.00000
387.48353	-125.00000
387.54929	-32.00000
387.61505	-1152.00000
387.68081	172.00000
387.74656	256.00000
387.81231	-28.00000
387.87806	-127.00000
387.94380	14.00000
388.00954	-162.00000
388.07527	53.00000
388.14100	720.00000
388.20672	-219.00000
388.27244	-31.00000
388.33816	128.00000
388.40387	-146.00000
388.46958	-128.00000
388.53529	14.00000
388.60099	49.00000
388.66669	-18.00000
388.73238	-144.00000
388.79807	33.00000
388.86375	-50.00000
388.92943	-48.00000
388.99511	94.00000
389.06078	98.00000
389.12645	62.00000
389.19212	96.00000
389.25778	-742.00000
389.32344	-22.00000
389.38909	-282.00000
389.45474	-146.00000
389.52038	-146.00000
389.58602	-66.00000
389.65166	-1136.00000
389.71729	14.00000
389.78292	976.00000
389.84855	-30.00000
389.91417	68.00000
389.97979	53.00000
390.04540	78.00000
390.11101	48.00000
390.17661	94.00000
390.24221	128.00000
390.30781	20.00000
390.37340	-76.00000
390.43899	-208.00000
390.50458	208.00000
390.57016	51.00000
390.63574	101.00000
390.70131	62.00000
390.76688	-61.00000
390.83244	194.00000
390.89800	-1218.00000
390.96356	-18.00000
391.02911	46.00000
391.09466	68.00000
391.16021	179.00000
391.22575	98.00000
391.29129	317.00000
391.35682	14.00000
391.42235	160.00000
391.48787	-82.00000
391.55339	18.00000
391.61891	46.00000
391.68442	-338.00000
391.74993	-77.00000
391.81544	-11.00000
391.88094	-92.00000
391.94644	82.00000
392.01193	222.00000
392.07742	86.00000
392.14290	42.00000
392.20838	-62.00000
392.27386	-50.00000
392.33933	270.00000
392.40480	96.00000
392.47027	84.00000
392.53573	48.00000
392.60119	-144.00000
392.66664	174.00000
392.73209	-128.00000
392.79753	174.00000
392.86297	-214.00000
392.92841	109.00000
392.99384	94.00000
393.05927	-34.00000
393.12470	-226.00000
393.19012	214.00000
393.25554	136.00000
393.32095	78.00000
393.38636	20.00000
393.45176	175.00000
393.51716	66.00000
393.58256	-70.00000
393.64795	-82.00000
393.71334	-34.00000
393.77873	174.00000
393.84411	126.00000
393.90949	145.00000
393.97486	144.00000
394.04023	113.00000
394.10559	-204.00000
394.17095	-192.00000
394.23631	162.00000
394.30166	158.00000
394.36701	78.00000
394.43236	-97.00000
394.49770	78.00000
394.56304	-45.00000
394.62837	-17.00000
394.69370	-112.00000
394.75902	209.00000
394.82434	100.00000
394.88966	209.00000
394.95497	18.00000
395.02028	142.00000
395.08559	-210.00000
395.15089	-127.00000
395.21619	-117.00000
395.28148	69.00000
395.34677	218.00000
395.41205	147.00000
395.47733	208.00000
395.54261	77.00000
395.60788	484.00000
395.67315	-12.00000
395.73842	179.00000
395.80368	52.00000
395.86894	302.00000
395.93419	17.00000
395.99944	-146.00000
396.06468	94.00000
396.12992	910.00000
396.19516	-22.00000
396.26039	-12.00000
396.32562	247.00000
396.39085	130.00000
396.45607	300.00000
396.52129	253.00000
396.58650	75.00000
396.65171	77.00000
396.71691	637.00000
396.78211	30.00000
396.84731	142.00000
396.91250	-237.00000
396.97769	-64.00000
397.04288	128.00000
397.10806	277.00000
397.17324	113.00000
397.23841	46.00000
397.30358	50.00000
397.36874	50.00000
397.43390	41.00000
397.49906	32.00000
397.56421	-146.00000
397.62936	56.00000
397.69451	62.00000
397.75965	76.00000
397.82479	80.00000
397.88992	-2.00000
397.95505	-1.00000
398.02017	131.00000
398.08529	80.00000
398.15041	254.00000
398.21552	35.00000
398.28063	-34.00000
398.34574	-6.00000
398.41084	61.00000
398.47594	116.00000
398.54103	78.00000
398.60612	-122.00000
398.67120	110.00000
398.73628	50.00000
398.80136	230.00000
398.86643	1323.00000
398.93150	-256.00000
398.99657	212.00000
399.06163	-241.00000
399.12669	79.00000
399.19174	160.00000
399.25679	-2.00000
399.32183	290.00000
399.38687	-74.00000
399.45191	80.00000
399.51694	111.00000
399.58197	315.00000
399.64700	193.00000
399.71202	43.00000
399.77704	80.00000
399.84205	374.00000
399.90706	118.00000
399.97206	-38.00000
400.03706	48.00000
400.10206	52.00000
400.16705	-174.00000
400.23204	1.00000
400.29703	169.00000
400.36201	242.00000
400.42699	32.00000
400.49196	34.00000
400.55693	-62.00000
400.62189	292.00000
400.68685	-86.00000
400.75181	0.00000
400.81676	24.00000
400.88171	-66.00000
400.94666	-16.00000
401.01160	150.00000
401.07654	-1250.00000
401.14147	10.00000
401.20640	-176.00000
401.27132	242.00000
401.33624	6.00000
401.40116	541.00000
401.46607	80.00000
401.53098	-79.00000
401.59589	-113.00000
401.66079	-25.00000
401.72569	290.00000
401.79058	5.00000
401.85547	2.00000
401.92035	-30.00000
401.98523	96.00000
402.05011	-129.00000
402.11498	21.00000
402.17985	66.00000
402.24472	16.00000
402.30958	-148.00000
402.37444	114.00000
402.43929	-127.00000
402.50414	59.00000
402.56898	276.00000
402.63382	79.00000
402.69866	99.00000
402.76349	-20.00000
402.82832	178.00000
402.89315	159.00000
402.95797	62.00000
403.02279	146.00000
403.08760	-87.00000
403.15241	18.00000
403.21721	114.00000
403.28201	63.00000
403.34681	-18.00000
403.41160	94.00000
403.47639	7.00000
403.54118	251.00000
403.60596	-101.00000
403.67074	94.00000
403.73551	310.00000
403.80028	160.00000
403.86504	22.00000
403.92980	896.00000
403.99456	-62.00000
404.05931	130.00000
404.12406	32.00000
404.18881	481.00000
404.25355	555.00000
404.31829	910.00000
404.38302	1344.00000
404.44775	1542.00000
404.51247	1360.00000
404.57719	1638.00000
404.64191	3237.00000
404.70662	4054.00000
404.77133	2519.00000
404.83604	316.00000
404.90074	0.00000
404.96544	-30.00000
405.03013	12.00000
405.09482	25.00000
405.15950	171.00000
405.22418	846.00000
405.28886	-160.00000
405.35353	-54.00000
405.41820	224.00000
405.48287	138.00000
405.54753	-163.00000
405.61219	-48.00000
405.67684	6.00000
405.74149	246.00000
405.80613	272.00000
405.87077	-404.00000
405.93541	336.00000
406.00004	-91.00000
406.06467	-26.00000
406.12930	224.00000
406.19392	-68.00000
406.25854	196.00000
406.32315	2.00000
406.38776	146.00000
406.45236	-180.00000
406.51696	320.00000
406.58156	116.00000
406.64615	-356.00000
406.71074	176.00000
406.77533	286.00000
406.83991	196.00000
406.90449	110.00000
406.96906	11.00000
407.03363	32.00000
407.09819	220.00000
407.16275	18.00000
407.22731	114.00000
407.29186	114.00000
407.35641	166.00000
407.42096	36.00000
407.48550	-26.00000
407.55004	400.00000
407.61457	270.00000
407.67910	332.00000
407.74362	428.00000
407.80814	300.00000
407.87266	278.00000
407.93717	-116.00000
408.00168	240.00000
408.06619	-36.00000
408.13069	-69.00000
408.19519	26.00000
408.25968	2.00000
408.32417	74.00000
408.38865	130.00000
408.45313	-26.00000
408.51761	298.00000
408.58208	-96.00000
408.64655	208.00000
408.71102	16.00000
408.77548	-114.00000
408.83994	-12.00000
408.90439	73.00000
408.96884	-54.00000
409.03328	282.00000
409.09772	128.00000
409.16216	-20.00000
409.22659	-4.00000
409.29102	53.00000
409.35545	320.00000
409.41987	100.00000
409.48429	-52.00000
409.54870	-20.00000
409.61311	-60.00000
409.67751	82.00000
409.74191	-64.00000
409.80631	-146.00000
409.87070	190.00000
409.93509	92.00000
409.99948	78.00000
410.06386	132.00000
410.12824	476.00000
410.19261	3.00000
410.25698	130.00000
410.32134	78.00000
410.38570	-146.00000
410.45006	32.00000
410.51441	242.00000
410.57876	-16.00000
410.64311	-160.00000
410.70745	462.00000
410.77179	-54.00000
410.83612	138.00000
410.90045	232.00000
410.96477	116.00000
411.02909	29.00000
411.09341	-3.00000
411.15772	73.00000
411.22203	1359.00000
411.28634	-170.00000
411.35064	16.00000
411.41494	96.00000
411.47923	-71.00000
411.54352	256.00000
411.60780	91.00000
411.67208	125.00000
411.73636	-11.00000
411.80063	318.00000
411.86490	24.00000
411.92917	240.00000
411.99343	98.00000
412.05769	96.00000
412.12194	106.00000
412.18619	191.00000
412.25043	106.00000
412.31467	54.00000
412.37891	3.00000
412.44314	-62.00000
412.50737	67.00000
412.57160	-352.00000
412.63582	-2.00000
412.70004	-67.00000
412.76425	242.00000
412.82846	96.00000
412.89266	218.00000
412.95686	109.00000
413.02106	-114.00000
413.08525	32.00000
413.14944	164.00000
413.21363	192.00000
413.27781	-87.00000
413.34199	-60.00000
413.40616	240.00000
413.47033	178.00000
413.53449	336.00000
413.59865	128.00000
413.66281	288.00000
413.72696	-92.00000
413.79111	-14.00000
413.85526	126.00000
413.91940	32.00000
413.98354	58.00000
414.04767	-96.00000
414.11180	64.00000
414.17592	129.00000
414.24004	68.00000
414.30416	99.00000
414.36827	-64.00000
414.43238	244.00000
414.49649	-117.00000
414.56059	-4.00000
414.62469	104.00000
414.68878	101.00000
414.75287	-162.00000
414.81695	74.00000
414.88103	270.00000
414.94511	62.00000
415.00918	80.00000
415.07325	2.00000
415.13732	5.00000
415.20138	64.00000
415.26544	37.00000
415.32949	-20.00000
415.39354	128.00000
415.45758	-44.00000
415.52162	101.00000
415.58566	158.00000
415.64969	112.00000
415.71372	90.00000
415.77775	-84.00000
415.84177	110.00000
415.90579	-1238.00000
415.96980	-42.00000
416.03381	176.00000
416.09781	128.00000
416.16181	-48.00000
416.22581	222.00000
416.28980	192.00000
416.35379	160.00000
416.41778	1490.00000
416.48176	-288.00000
416.54574	54.00000
416.60971	66.00000
416.67368	154.00000
416.73764	210.00000
416.80160	146.00000
416.86556	96.00000
416.92951	62.00000
416.99346	596.00000
417.05741	98.00000
417.12135	110.00000
417.18529	-66.00000
417.24922	30.00000
417.31315	174.00000
417.37707	33.00000
417.44099	142.00000
417.50491	129.00000
417.56882	20.00000
417.63273	32.00000
417.69664	254.00000
417.76054	-66.00000
417.82444	196.00000
417.88833	-173.00000
417.95222	-66.00000
418.01610	62.00000
418.07998	258.00000
418.14386	-158.00000
418.20773	-16.00000
418.27160	-3.00000
418.33547	-16.00000
418.39933	-34.00000
418.46319	167.00000
418.52704	16.00000
418.59089	-310.00000
418.65473	160.00000
418.71857	480.00000
418.78241	-43.00000
418.84624	72.00000
418.91007	-130.00000
418.97390	35.00000
419.03772	46.00000
419.10154	466.00000
419.16535	-8.00000
419.22916	50.00000
419.29296	70.00000
419.35676	182.00000
419.42056	16.00000
419.48435	98.00000
419.54814	-90.00000
419.61193	16.00000
419.67571	351.00000
419.73949	6.00000
419.80326	29.00000
419.86703	-16.00000
419.93079	144.00000
419.99455	17.00000
420.05831	111.00000
420.12206	-28.00000
420.18581	48.00000
420.24956	-66.00000
420.31330	136.00000
420.37704	155.00000
420.44077	40.00000
420.50450	192.00000
420.56822	89.00000
420.63194	192.00000
420.69566	254.00000
420.75937	-251.00000
420.82308	-94.00000
420.88679	190.00000
420.95049	228.00000
421.01419	-112.00000
421.07788	0.00000
421.14157	132.00000
421.20525	128.00000
421.26893	529.00000
421.33261	11.00000
421.39628	51.00000
421.45995	260.00000
421.52362	114.00000
421.58728	-56.00000
421.65094	-109.00000
421.71459	-15.00000
421.77824	1414.00000
421.84188	-42.00000
421.90552	123.00000
421.96916	372.00000
422.03279	70.00000
422.09642	62.00000
422.16005	-34.00000
422.22367	210.00000
422.28729	80.00000
422.35090	127.00000
422.41451	224.00000
422.47811	-142.00000
422.54171	160.00000
422.60531	177.00000
422.66890	64.00000
422.73249	194.00000
422.79608	5.00000
422.85966	144.00000
422.92324	-129.00000
422.98681	161.00000
423.05038	74.00000
423.11394	66.00000
423.17750	64.00000
423.24106	142.00000
423.30461	194.00000
423.36816	14.00000
423.43171	-34.00000
423.49525	-10.00000
423.55879	149.00000
423.62232	16.00000
423.68585	-100.00000
423.74937	94.00000
423.81289	70.00000
423.87641	178.00000
423.93992	176.00000
424.00343	130.00000
424.06694	80.00000
424.13044	242.00000
424.19394	-14.00000
424.25743	-14.00000
424.32092	-94.00000
424.38440	-4.00000
424.44788	114.00000
424.51136	-48.00000
424.57483	-46.00000
424.63830	80.00000
424.70177	-4.00000
424.76523	-37.00000
424.82869	70.00000
424.89214	221.00000
424.95559	-94.00000
425.01903	82.00000
425.08247	13.00000
425.14591	-92.00000
425.20934	12.00000
425.27277	-222.00000
425.33620	-158.00000
425.39962	187.00000
425.46304	178.00000
425.52645	62.00000
425.58986	141.00000
425.65326	28.00000
425.71666	43.00000
425.78006	210.00000
425.84345	2.00000
425.90684	112.00000
425.97023	0.00000
426.03361	122.00000
426.09699	66.00000
426.16036	22.00000
426.22373	114.00000
426.28709	-84.00000
426.35045	2.00000
426.41381	-110.00000
426.47716	-16.00000
426.54051	-114.00000
426.60386	109.00000
426.66720	73.00000
426.73054	169.00000
426.79387	28.00000
426.85720	66.00000
426.92052	-46.00000
426.98384	-126.00000
427.04716	93.00000
427.11047	30.00000
427.17378	34.00000
427.23709	-242.00000
427.30039	178.00000
427.36369	158.00000
427.42698	256.00000
427.49027	-126.00000
427.55355	2.00000
427.61683	92.00000
427.68011	96.00000
427.74338	-94.00000
427.80665	-37.00000
427.86992	75.00000
427.93318	66.00000
427.99644	96.00000
428.05969	103.00000
428.12294	-46.00000
428.18618	224.00000
428.24942	122.00000
428.31266	-14.00000
428.37589	29.00000
428.43912	94.00000
428.50235	28.00000
428.56557	0.00000
428.62879	-180.00000
428.69200	-5.00000
428.75521	66.00000
428.81841	150.00000
428.88161	66.00000
428.94481	-96.00000
429.00800	562.00000
429.07119	-84.00000
429.13438	-126.00000
429.19756	16.00000
429.26074	-62.00000
429.32391	-134.00000
429.38708	-14.00000
429.45024	-62.00000
429.51340	144.00000
429.57656	44.00000
429.63971	284.00000
429.70286	-126.00000
429.76601	-221.00000
429.82915	-34.00000
429.89229	16.00000
429.95542	32.00000
430.01855	540.00000
430.08167	-28.00000
430.14479	-50.00000
430.20791	86.00000
430.27102	-77.00000
430.33413	-132.00000
430.39724	-234.00000
430.46034	28.00000
430.52344	144.00000
430.58653	92.00000
430.64962	-47.00000
430.71270	42.00000
430.77578	174.00000
430.83886	16.00000
430.90193	61.00000
430.96500	-180.00000
431.02807	-61.00000
431.09113	-32.00000
431.15419	0.00000
431.21724	145.00000
431.28029	222.00000
431.34333	-254.00000
431.40637	-4.00000
431.46941	142.00000
431.53244	72.00000
431.59547	28.00000
431.65850	156.00000
431.72152	192.00000
431.78454	-14.00000
431.84755	-76.00000
431.91056	122.00000
431.97356	96.00000
432.03656	80.00000
432.09956	116.00000
432.16255	80.00000
432.22554	50.00000
432.28853	-304.00000
432.35151	169.00000
432.41449	4.00000
432.47746	190.00000
432.54043	162.00000
432.60339	114.00000
432.66635	176.00000
432.72931	205.00000
432.79226	34.00000
432.85521	-16.00000
432.91816	252.00000
432.98110	62.00000
433.04404	22.00000
433.10697	302.00000
433.16990	100.00000
433.23282	244.00000
433.29574	-112.00000
433.35866	-66.00000
433.42157	81.00000
433.48448	176.00000
433.54739	212.00000
433.61029	221.00000
433.67319	71.00000
433.73608	-98.00000
433.79897	80.00000
433.86185	256.00000
433.92473	180.00000
433.98761	1140.00000
434.05048	82.00000
434.11335	185.00000
434.17622	117.00000
434.23908	238.00000
434.30194	414.00000
434.36479	276.00000
434.42764	478.00000
434.49048	464.00000
434.55332	547.00000
434.61616	544.00000
434.67899	749.00000
434.74182	726.00000
434.80465	1100.00000
434.86747	1922.00000
434.93029	2672.00000
434.99310	2736.00000
435.05591	1290.00000
435.11871	2994.00000
435.18151	3220.00000
435.24431	3348.00000
435.30710	4096.00000
435.36989	4804.00000
435.43268	7236.00000
435.49546	11139.00000
435.55824	9925.00000
435.62101	2272.00000
435.68378	46.00000
435.74654	222.00000
435.80930	286.00000
435.87206	178.00000
435.93481	144.00000
435.99756	36.00000
436.06031	346.00000
436.12305	48.00000
436.18579	142.00000
436.24852	210.00000
436.31125	294.00000
436.37397	148.00000
436.43669	182.00000
436.49941	80.00000
436.56212	80.00000
436.62483	374.00000
436.68754	-64.00000
436.75024	106.00000
436.81294	46.00000
436.87563	181.00000
436.93832	-64.00000
437.00100	52.00000
437.06368	318.00000
437.12636	270.00000
437.18903	-12.00000
437.25170	30.00000
437.31437	212.00000
437.37703	-98.00000
437.43969	190.00000
437.50234	16.00000
437.56499	-49.00000
437.62763	304.00000
437.69027	196.00000
437.75291	68.00000
437.81554	196.00000
437.87817	-1026.00000
437.94080	-242.00000
438.00342	141.00000
438.06604	232.00000
438.12865	-64.00000
438.19126	84.00000
438.25386	89.00000
438.31646	112.00000
438.37906	66.00000
438.44165	12.00000
438.50424	-162.00000
438.56683	130.00000
438.62941	149.00000
438.69199	141.00000
438.75456	159.00000
438.81713	240.00000
438.87969	30.00000
438.94225	0.00000
439.00481	59.00000
439.06736	54.00000
439.12991	138.00000
439.19246	96.00000
439.25500	-10.00000
439.31754	-1218.00000
439.38007	-112.00000
439.44260	48.00000
439.50512	212.00000
439.56764	37.00000
439.63016	32.00000
439.69267	-49.00000
439.75518	-32.00000
439.81769	-50.00000
439.88019	147.00000
439.94269	117.00000
440.00518	122.00000
440.06767	-210.00000
440.13015	30.00000
440.19263	99.00000
440.25511	126.00000
440.31758	-32.00000
440.38005	179.00000
440.44252	-23.00000
440.50498	650.00000
440.56744	-211.00000
440.62989	-80.00000
440.69234	96.00000
440.75478	43.00000
440.81722	-154.00000
440.87966	6.00000
440.94209	-20.00000
441.00452	34.00000
441.06695	124.00000
441.12937	-82.00000
441.19179	160.00000
441.25420	-80.00000
441.31661	-6.00000
441.37901	44.00000
441.44141	176.00000
441.50381	-32.00000
441.56620	-32.00000
441.62859	48.00000
441.69098	-46.00000
441.75336	164.00000
441.81574	-114.00000
441.87811	-97.00000
441.94048	18.00000
442.00284	140.00000
442.06520	120.00000
442.12756	32.00000
442.18991	73.00000
442.25226	410.00000
442.31461	160.00000
442.37695	270.00000
442.43929	203.00000
442.50162	-54.00000
442.56395	1332.00000
442.62627	-244.00000
442.68859	94.00000
442.75091	-28.00000
442.81322	0.00000
442.87553	128.00000
442.93784	238.00000
443.00014	-12.00000
443.06244	64.00000
443.12473	-314.00000
443.18702	18.00000
443.24930	25.00000
443.31158	-51.00000
443.37386	-2.00000
443.43613	108.00000
443.49840	12.00000
443.56067	91.00000
443.62293	398.00000
443.68519	-110.00000
443.74744	192.00000
443.80969	128.00000
443.87193	-142.00000
443.93417	2.00000
443.99641	-54.00000
444.05864	30.00000
444.12087	210.00000
444.18310	117.00000
444.24532	-150.00000
444.30754	110.00000
444.36975	-112.00000
444.43196	148.00000
444.49416	78.00000
444.55636	-116.00000
444.61856	6.00000
444.68075	126.00000
444.74294	80.00000
444.80513	92.00000
444.86731	114.00000
444.92949	34.00000
444.99166	-52.00000
445.05383	-103.00000
445.11599	-10.00000
445.17815	-78.00000
445.24031	-106.00000
445.30246	-66.00000
445.36461	46.00000
445.42676	182.00000
445.48890	82.00000
445.55104	-96.00000
445.61317	-164.00000
445.67530	72.00000
445.73742	32.00000
445.79954	-84.00000
445.86166	178.00000
445.92377	50.00000
445.98588	-54.00000
446.04799	-58.00000
446.11009	-110.00000
446.17219	-82.00000
446.23428	160.00000
446.29637	114.00000
446.35845	-170.00000
446.42053	16.00000
446.48261	63.00000
446.54468	-46.00000
446.60675	-50.00000
446.66882	210.00000
446.73088	0.00000
446.79294	-65.00000
446.85499	6.00000
446.91704	-176.00000
446.97908	110.00000
447.04112	-126.00000
447.10316	-254.00000
447.16519	194.00000
447.22722	-257.00000
447.28925	-160.00000
447.35127	16.00000
447.41329	-78.00000
447.47530	-16.00000
447.53731	242.00000
447.59931	-50.00000
447.66131	64.00000
447.72331	-140.00000
447.78530	174.00000
447.84729	-320.00000
447.90928	94.00000
447.97126	192.00000
448.03324	-238.00000
448.09521	-127.00000
448.15718	102.00000
448.21914	163.00000
448.28110	66.00000
448.34306	-20.00000
448.40501	-36.00000
448.46696	-70.00000
448.52891	-62.00000
448.59085	64.00000
448.65279	-66.00000
448.71472	48.00000
448.77665	0.00000
448.83857	-26.00000
448.90049	-82.00000
448.96241	139.00000
449.02432	-94.00000
449.08623	66.00000
449.14814	-90.00000
449.21004	194.00000
449.27194	38.00000
449.33383	-112.00000
449.39572	96.00000
449.45760	-130.00000
449.51948	28.00000
449.58136	34.00000
449.64323	140.00000
449.70510	-110.00000
449.76697	102.00000
449.82883	-84.00000
449.89069	-62.00000
449.95254	-15.00000
450.01439	32.00000
450.07623	-352.00000
450.13807	-52.00000
450.19991	-54.00000
450.26174	332.00000
450.32357	62.00000
450.38540	22.00000
450.44722	48.00000
450.50904	-368.00000
450.57085	18.00000
450.63266	12.00000
450.69446	62.00000
450.75626	-110.00000
450.81806	82.00000
450.87985	122.00000
450.94164	16.00000
451.00343	206.00000
451.06521	-146.00000
451.12699	-65.00000
451.18876	0.00000
451.25053	-128.00000
451.31229	-270.00000
451.37405	226.00000
451.43581	-210.00000
451.49756	-238.00000
451.55931	186.00000
451.62106	-96.00000
451.68280	332.00000
451.74454	-192.00000
451.80627	-100.00000
451.86800	140.00000
451.92972	-126.00000
451.99144	110.00000
452.05316	-31.00000
452.11487	-127.00000
452.17658	80.00000
452.23829	-95.00000
452.29999	3.00000
452.36169	66.00000
452.42338	94.00000
452.48507	-80.00000
452.54675	16.00000
452.60843	0.00000
452.67011	-32.00000
452.73178	230.00000
452.79345	-74.00000
452.85512	-52.00000
452.91678	48.00000
452.97844	-176.00000
453.04009	-91.00000
453.10174	-16.00000
453.16338	-68.00000
453.22502	-1170.00000
453.28666	-18.00000
453.34829	-126.00000
453.40992	6.00000
453.47155	-179.00000
453.53317	-46.00000
453.59479	67.00000
453.65640	-34.00000
453.71801	289.00000
453.77961	48.00000
453.84121	-64.00000
453.90281	-160.00000
453.96440	81.00000
454.02599	192.00000
454.08758	-176.00000
454.14916	142.00000
454.21074	-256.00000
454.27231	38.00000
454.33388	-64.00000
454.39544	-214.00000
454.45700	158.00000
454.51856	6.00000
454.58011	128.00000
454.64166	97.00000
454.70321	86.00000
454.76475	70.00000
454.82629	-157.00000
454.88782	48.00000
454.94935	-256.00000
455.01087	36.00000
455.07239	-18.00000
455.13391	96.00000
455.19542	-67.00000
455.25693	142.00000
455.31844	16.00000
455.37994	14.00000
455.44144	18.00000
455.50293	19.00000
455.56442	-22.00000
455.62590	110.00000
455.68738	46.00000
455.74886	75.00000
455.81033	74.00000
455.87180	128.00000
455.93327	222.00000
455.99473	-2.00000
456.05619	230.00000
456.11764	-93.00000
456.17909	-191.00000
456.24053	94.00000
456.30197	-26.00000
456.36341	-102.00000
456.42484	-93.00000
456.48627	112.00000
456.54770	132.00000
456.60912	20.00000
456.67054	16.00000
456.73195	-82.00000
456.79336	96.00000
456.85476	80.00000
456.91616	-48.00000
456.97756	-130.00000
457.03895	45.00000
457.10034	-102.00000
457.16173	-128.00000
457.22311	193.00000
457.28449	-83.00000
457.34586	93.00000
457.40723	-60.00000
457.46859	98.00000
457.52995	50.00000
457.59131	255.00000
457.65266	3.00000
457.71401	-38.00000
457.77536	14.00000
457.83670	32.00000
457.89804	-64.00000
457.95937	14.00000
458.02070	-80.00000
458.08202	174.00000
458.14334	238.00000
458.20466	-61.00000
458.26597	44.00000
458.32728	64.00000
458.38859	156.00000
458.44989	-64.00000
458.51119	-65.00000
458.57248	-2.00000
458.63377	180.00000
458.69505	110.00000
458.75633	4.00000
458.81761	62.00000
458.87888	162.00000
458.94015	48.00000
459.00142	-50.00000
459.06268	-34.00000
459.12394	126.00000
459.18519	-55.00000
459.24644	154.00000
459.30768	5.00000
459.36892	-10.00000
459.43016	78.00000
459.49139	-18.00000
459.55262	-17.00000
459.61385	35.00000
459.67507	125.00000
459.73629	52.00000
459.79750	54.00000
459.85871	-44.00000
459.91991	-75.00000
459.98111	-122.00000
460.04231	-176.00000
460.10350	32.00000
460.16469	-48.00000
460.22588	-203.00000
460.28706	224.00000
460.34824	-49.00000
460.40941	98.00000
460.47058	-32.00000
460.53174	32.00000
460.59290	2.00000
460.65406	20.00000
460.71521	-21.00000
460.77636	-76.00000
460.83751	56.00000
460.89865	38.00000
460.95979	-18.00000
461.02092	-192.00000
461.08205	64.00000
461.14317	-34.00000
461.20429	-143.00000
461.26541	-48.00000
461.32652	-96.00000
461.38763	48.00000
461.44874	173.00000
461.50984	64.00000
461.57094	112.00000
461.63203	66.00000
461.69312	62.00000
461.75420	-16.00000
461.81528	-35.00000
461.87636	-43.00000
461.93743	-90.00000
461.99850	-27.00000
462.05957	16.00000
462.12063	50.00000
462.18169	219.00000
462.24274	-133.00000
462.30379	4.00000
462.36483	-60.00000
462.42587	-60.00000
462.48691	0.00000
462.54794	-34.00000
462.60897	-55.00000
462.67000	-82.00000
462.73102	100.00000
462.79204	-67.00000
462.85305	80.00000
462.91406	-66.00000
462.97506	-48.00000
463.03606	-42.00000
463.09706	-41.00000
463.15805	147.00000
463.21904	-94.00000
463.28003	-128.00000
463.34101	-28.00000
463.40199	-104.00000
463.46296	17.00000
463.52393	116.00000
463.58489	32.00000
463.64585	22.00000
463.70681	130.00000
463.76776	11.00000
463.82871	96.00000
463.88966	48.00000
463.95060	-28.00000
464.01154	-85.00000
464.07247	23.00000
464.13340	10.00000
464.19432	-193.00000
464.25524	132.00000
464.31616	107.00000
464.37707	15.00000
464.43798	93.00000
464.49889	-26.00000
464.55979	35.00000
464.62069	-127.00000
464.68158	-64.00000
464.74247	98.00000
464.80335	53.00000
464.86423	96.00000
464.92511	-84.00000
464.98598	-14.00000
465.04685	70.00000
465.10772	-37.00000
465.16858	-14.00000
465.22944	2.00000
465.29029	100.00000
465.35114	6.00000
465.41198	58.00000
465.47282	171.00000
465.53366	44.00000
465.59449	66.00000
465.65532	96.00000
465.71615	76.00000
465.77697	128.00000
465.83779	50.00000
465.89860	-82.00000
465.95941	209.00000
466.02021	-62.00000
466.08101	2.00000
466.14181	39.00000
466.20260	-62.00000
466.26339	226.00000
466.32418	-57.00000
466.38496	-94.00000
466.44574	66.00000
466.50651	-31.00000
466.56728	-84.00000
466.62804	26.00000
466.68880	160.00000
466.74956	15.00000
466.81031	38.00000
466.87106	-122.00000
466.93181	113.00000
466.99255	-96.00000
467.05329	-126.00000
467.11402	-36.00000
467.17475	3.00000
467.23547	-22.00000
467.29619	43.00000
467.35691	146.00000
467.41762	23.00000
467.47833	-110.00000
467.53904	0.00000
467.59974	123.00000
467.66044	160.00000
467.72113	175.00000
467.78182	28.00000
467.84250	120.00000
467.90318	272.00000
467.96386	59.00000
468.02453	34.00000
468.08520	22.00000
468.14587	-48.00000
468.20653	54.00000
468.26719	50.00000
468.32784	32.00000
468.38849	30.00000
468.44913	-48.00000
468.50977	50.00000
468.57041	80.00000
468.63104	11.00000
468.69167	-21.00000
468.75230	-69.00000
468.81292	-66.00000
468.87354	186.00000
468.93415	192.00000
468.99476	159.00000
469.05536	158.00000
469.11596	-95.00000
469.17656	-76.00000
469.23715	108.00000
469.29774	91.00000
469.35833	-14.00000
469.41891	112.00000
469.47949	66.00000
469.54006	128.00000
469.60063	-62.00000
469.66119	4.00000
469.72175	126.00000
469.78231	47.00000
469.84286	62.00000
469.90341	98.00000
469.96396	-84.00000
470.02450	16.00000
470.08504	96.00000
470.14557	170.00000
470.20610	114.00000
470.26662	166.00000
470.32714	160.00000
470.38766	336.00000
470.44817	44.00000
470.50868	-14.00000
470.56919	-34.00000
470.62969	-46.00000
470.69019	-172.00000
470.75068	46.00000
470.81117	-51.00000
470.87165	78.00000
470.93213	158.00000
470.99261	160.00000
471.05308	-50.00000
471.11355	-26.00000
471.17402	112.00000
471.23448	-63.00000
471.29494	-130.00000
471.35539	14.00000
471.41584	-148.00000
471.47628	-128.00000
471.53672	-236.00000
471.59716	124.00000
471.65759	214.00000
471.71802	-16.00000
471.77845	-63.00000
471.83887	105.00000
471.89929	42.00000
471.95970	41.00000
472.02011	-2.00000
472.08051	19.00000
472.14091	96.00000
472.20131	-48.00000
472.26170	-79.00000
472.32209	-42.00000
472.38248	-90.00000
472.44286	80.00000
472.50324	-52.00000
472.56361	-97.00000
472.62398	52.00000
472.68434	30.00000
472.74470	76.00000
472.80506	-58.00000
472.86541	68.00000
472.92576	60.00000
472.98611	-78.00000
473.04645	-102.00000
473.10679	18.00000
473.16712	-74.00000
473.22745	123.00000
473.28777	-24.00000
473.34809	46.00000
473.40841	-144.00000
473.46872	-54.00000
473.52903	36.00000
473.58934	-82.00000
473.64964	76.00000
473.70994	30.00000
473.77023	12.00000
473.83052	110.00000
473.89080	16.00000
473.95108	6.00000
474.01136	32.00000
474.07163	90.00000
474.13190	-142.00000
474.19217	-53.00000
474.25243	-64.00000
474.31269	-164.00000
474.37294	112.00000
474.43319	138.00000
474.49343	62.00000
474.55367	100.00000
474.61391	157.00000
474.67414	-16.00000
474.73437	-12.00000
474.79460	111.00000
474.85482	-86.00000
474.91504	47.00000
474.97525	76.00000
475.03546	-45.00000
475.09566	76.00000
475.15586	114.00000
475.21606	-82.00000
475.27625	-64.00000
475.33644	73.00000
475.39663	-29.00000
475.45681	-48.00000
475.51699	-67.00000
475.57716	66.00000
475.63733	116.00000
475.69749	-45.00000
475.75765	-39.00000
475.81781	-228.00000
475.87796	-93.00000
475.93811	125.00000
475.99826	-70.00000
476.05840	-144.00000
476.11854	42.00000
476.17867	-32.00000
476.23880	-98.00000
476.29892	32.00000
476.35904	-61.00000
476.41916	121.00000
476.47927	-103.00000
476.53938	50.00000
476.59949	48.00000
476.65959	52.00000
476.71969	-14.00000
476.77978	-182.00000
476.83987	174.00000
476.89995	-3.00000
476.96003	272.00000
477.02011	-5.00000
477.08018	30.00000
477.14025	113.00000
477.20032	40.00000
477.26038	-29.00000
477.32044	26.00000
477.38049	186.00000
477.44054	192.00000
477.50058	-16.00000
477.56062	-3.00000
477.62066	-176.00000
477.68069	-32.00000
477.74072	-162.00000
477.80075	112.00000
477.86077	224.00000
477.92079	-4.00000
477.98080	-130.00000
478.04081	-32.00000
478.10081	-128.00000
478.16081	80.00000
478.22081	-94.00000
478.28080	13.00000
478.34079	-134.00000
478.40078	94.00000
478.46076	87.00000
478.52074	-112.00000
478.58071	53.00000
478.64068	68.00000
478.70064	-93.00000
478.76060	-114.00000
478.82056	46.00000
478.88051	224.00000
478.94046	-129.00000
479.00041	-28.00000
479.06035	31.00000
479.12029	-214.00000
479.18022	148.00000
479.24015	2.00000
479.30007	-2.00000
479.35999	-135.00000
479.41991	58.00000
479.47982	-16.00000
479.53973	-54.00000
479.59964	112.00000
479.65954	66.00000
479.71944	134.00000
479.77933	-62.00000
479.83922	-145.00000
479.89910	287.00000
479.95898	-16.00000
480.01886	106.00000
480.07873	-98.00000
480.13860	142.00000
480.19847	244.00000
480.25833	-2.00000
480.31819	0.00000
480.37804	96.00000
480.43789	-76.00000
480.49773	18.00000
480.55757	18.00000
480.61741	164.00000
480.67724	-174.00000
480.73707	-82.00000
480.79690	112.00000
480.85672	-3.00000
480.91654	134.00000
480.97635	142.00000
481.03616	-114.00000
481.09596	192.00000
481.15576	154.00000
481.21556	46.00000
481.27535	-1.00000
481.33514	-96.00000
481.39493	63.00000
481.45471	-144.00000
481.51449	116.00000
481.57426	86.00000
481.63403	-96.00000
481.69379	36.00000
481.75355	-96.00000
481.81331	-78.00000
481.87306	112.00000
481.93281	77.00000
481.99256	100.00000
482.05230	-128.00000
482.11204	21.00000
482.17177	56.00000
482.23150	-19.00000
482.29122	110.00000
482.35094	-72.00000
482.41066	-93.00000
482.47037	112.00000
482.53008	230.00000
482.58979	170.00000
482.64949	-19.00000
482.70919	-51.00000
482.76888	49.00000
482.82857	222.00000
482.88825	160.00000
482.94793	130.00000
483.00761	5.00000
483.06728	141.00000
483.12695	-16.00000
483.18662	-52.00000
483.24628	-66.00000
483.30594	295.00000
483.36559	121.00000
483.42524	86.00000
483.48488	185.00000
483.54452	106.00000
483.60416	-14.00000
483.66379	-144.00000
483.72342	-114.00000
483.78305	64.00000
483.84267	14.00000
483.90229	-149.00000
483.96190	53.00000
484.02151	143.00000
484.08111	144.00000
484.14071	-35.00000
484.20031	-147.00000
484.25990	96.00000
484.31949	38.00000
484.37908	-64.00000
484.43866	-207.00000
484.49824	54.00000
484.55781	-64.00000
484.61738	2.00000
484.67694	-8.00000
484.73650	-78.00000
484.79606	-124.00000
484.85561	43.00000
484.91516	-94.00000
484.97471	50.00000
485.03425	130.00000
485.09379	-60.00000
485.15332	-19.00000
485.21285	-10.00000
485.27237	235.00000
485.33189	-44.00000
485.39141	-117.00000
485.45092	-14.00000
485.51043	50.00000
485.56994	6.00000
485.62944	304.00000
485.68894	-6.00000
485.74843	-144.00000
485.80792	-110.00000
485.86740	-64.00000
485.92688	142.00000
485.98636	-14.00000
486.04583	28.00000
486.10530	102.00000
486.16477	-34.00000
486.22423	-128.00000
486.28369	-58.00000
486.34314	58.00000
486.40259	22.00000
486.46203	74.00000
486.52147	-74.00000
486.58091	-48.00000
486.64034	130.00000
486.69977	129.00000
486.75920	-2.00000
486.81862	-85.00000
486.87804	102.00000
486.93745	46.00000
486.99686	136.00000
487.05626	6.00000
487.11566	-2.00000
487.17506	195.00000
487.23445	34.00000
487.29384	38.00000
487.35323	32.00000
487.41261	-18.00000
487.47199	16.00000
487.53136	64.00000
487.59073	89.00000
487.65009	49.00000
487.70945	-46.00000
487.76881	216.00000
487.82816	-30.00000
487.88751	-35.00000
487.94686	62.00000
488.00620	147.00000
488.06554	80.00000
488.12487	82.00000
488.18420	-78.00000
488.24352	-26.00000
488.30284	14.00000
488.36216	128.00000
488.42147	-95.00000
488.48078	-110.00000
488.54009	126.00000
488.59939	-26.00000
488.65869	64.00000
488.71798	58.00000
488.77727	-34.00000
488.83655	3.00000
488.89583	110.00000
488.95511	-110.00000
489.01438	-142.00000
489.07365	-142.00000
489.13292	-35.00000
489.19218	-110.00000
489.25144	-189.00000
489.31069	-140.00000
489.36994	30.00000
489.42918	-68.00000
489.48842	34.00000
489.54766	-30.00000
489.60689	-14.00000
489.66612	89.00000
489.72535	128.00000
489.78457	-38.00000
489.84379	2.00000
489.90300	-16.00000
489.96221	-30.00000
490.02141	-32.00000
490.08061	-40.00000
490.13981	-30.00000
490.19900	-126.00000
490.25819	-68.00000
490.31738	46.00000
490.37656	182.00000
490.43574	48.00000
490.49491	303.00000
490.55408	-82.00000
490.61324	-22.00000
490.67240	43.00000
490.73156	-65.00000
490.79071	-90.00000
490.84986	-64.00000
490.90901	-188.00000
490.96815	-50.00000
491.02729	108.00000
491.08642	-154.00000
491.14555	-96.00000
491.20467	-98.00000
491.26379	128.00000
491.32291	92.00000
491.38202	-42.00000
491.44113	125.00000
491.50024	-4.00000
491.55934	14.00000
491.61844	50.00000
491.67753	-152.00000
491.73662	-128.00000
491.79570	-42.00000
491.85478	94.00000
491.91386	-126.00000
491.97293	34.00000
492.03200	-48.00000
492.09107	-6.00000
492.15013	-154.00000
492.20919	-96.00000
492.26824	-46.00000
492.32729	-110.00000
492.38633	174.00000
492.44537	-70.00000
492.50441	128.00000
492.56344	-40.00000
492.62247	10.00000
492.68150	80.00000
492.74052	66.00000
492.79954	-132.00000
492.85855	-93.00000
492.91756	112.00000
492.97656	161.00000
493.03556	-102.00000
493.09456	-4.00000
493.15355	80.00000
493.21254	160.00000
493.27153	-14.00000
493.33051	-58.00000
493.38949	-130.00000
493.44846	-16.00000
493.50743	82.00000
493.56639	112.00000
493.62535	192.00000
493.68431	-73.00000
493.74326	164.00000
493.80221	1.00000
493.86116	-114.00000
493.92010	-124.00000
493.97904	-100.00000
494.03797	62.00000
494.09690	48.00000
494.15582	112.00000
494.21474	204.00000
494.27366	108.00000
494.33257	-45.00000
494.39148	-31.00000
494.45039	-45.00000
494.50929	0.00000
494.56819	-12.00000
494.62708	96.00000
494.68597	165.00000
494.74485	244.00000
494.80373	-82.00000
494.86261	-112.00000
494.92148	113.00000
494.98035	80.00000
495.03922	144.00000
495.09808	-30.00000
495.15694	-64.00000
495.21579	112.00000
495.27464	-62.00000
495.33348	48.00000
495.39232	-48.00000
495.45116	110.00000
495.50999	110.00000
495.56882	-70.00000
495.62765	28.00000
495.68647	176.00000
495.74529	-78.00000
495.80410	36.00000
495.86291	32.00000
495.92171	19.00000
495.98051	116.00000
496.03931	82.00000
496.09810	6.00000
496.15689	1.00000
496.21568	-12.00000
496.27446	112.00000
496.33324	164.00000
496.39201	17.00000
496.45078	-70.00000
496.50954	-44.00000
496.56830	-46.00000
496.62706	50.00000
496.68581	-18.00000
496.74456	128.00000
496.80331	80.00000
496.86205	84.00000
496.92079	142.00000
496.97952	46.00000
497.03825	46.00000
497.09697	7.00000
497.15569	0.00000
497.21441	-94.00000
497.27312	36.00000
497.33183	106.00000
497.39054	-320.00000
497.44924	47.00000
497.50794	199.00000
497.56663	78.00000
497.62532	148.00000
497.68400	48.00000
497.74268	-93.00000
497.80136	71.00000
497.86003	-80.00000
497.91870	-80.00000
497.97737	32.00000
498.03603	-80.00000
498.09469	-128.00000
498.15334	14.00000
498.21199	-146.00000
498.27063	-16.00000
498.32927	-100.00000
498.38791	84.00000
498.44654	126.00000
498.50517	-64.00000
498.56380	-10.00000
498.62242	-114.00000
498.68104	162.00000
498.73965	108.00000
498.79826	-64.00000
498.85686	-94.00000
498.91546	94.00000
498.97406	62.00000
499.03265	40.00000
499.09124	96.00000
499.14983	138.00000
499.20841	62.00000
499.26699	206.00000
499.32556	-114.00000
499.38413	127.00000
499.44269	43.00000
499.50125	96.00000
499.55981	6.00000
499.61836	-32.00000
499.67691	-12.00000
499.73546	-50.00000
499.79400	46.00000
499.85254	-32.00000
499.91107	146.00000
499.96960	-207.00000
500.02812	-120.00000
500.08664	30.00000
500.14516	30.00000
500.20367	-46.00000
500.26218	32.00000
500.32069	-148.00000
500.37919	-128.00000
500.43769	61.00000
500.49618	17.00000
500.55467	222.00000
500.61315	192.00000
500.67163	-22.00000
500.73011	-96.00000
500.78858	96.00000
500.84705	-38.00000
500.90552	62.00000
500.96398	148.00000
501.02244	0.00000
501.08089	49.00000
501.13934	16.00000
501.19778	-34.00000
501.25622	-32.00000
501.31466	-34.00000
501.37309	32.00000
501.43152	-50.00000
501.48995	102.00000
501.54837	-29.00000
501.60679	-48.00000
501.66520	-92.00000
501.72361	176.00000
501.78201	-70.00000
501.84041	179.00000
501.89881	46.00000
501.95720	32.00000
502.01559	128.00000
502.07398	144.00000
502.13236	-128.00000
502.19074	-146.00000
502.24911	64.00000
502.30748	134.00000
502.36584	-40.00000
502.42420	-83.00000
502.48256	0.00000
502.54091	-126.00000
502.59926	-41.00000
502.65761	-79.00000
502.71595	159.00000
502.77429	-117.00000
502.83262	46.00000
502.89095	45.00000
502.94927	-182.00000
503.00759	112.00000
503.06591	154.00000
503.12422	0.00000
503.18253	-110.00000
503.24084	-224.00000
503.29914	-114.00000
503.35744	-158.00000
503.41573	26.00000
503.47402	-222.00000
503.53230	29.00000
503.59058	146.00000
503.64886	-112.00000
503.70713	-62.00000
503.76540	-83.00000
503.82367	-26.00000
503.88193	106.00000
503.94019	60.00000
503.99844	16.00000
504.05669	-69.00000
504.11493	48.00000
504.17317	90.00000
504.23141	-98.00000
504.28964	80.00000
504.34787	-14.00000
504.40610	112.00000
504.46432	50.00000
504.52254	16.00000
504.58075	96.00000
504.63896	160.00000
504.69716	220.00000
504.75536	38.00000
504.81356	-36.00000
504.87175	-128.00000
504.92994	82.00000
504.98813	-98.00000
505.04631	66.00000
505.10449	-96.00000
505.16266	96.00000
505.22083	34.00000
505.27899	24.00000
505.33715	50.00000
505.39531	-176.00000
505.45346	42.00000
505.51161	182.00000
505.56976	92.00000
505.62790	58.00000
505.68604	-114.00000
505.74417	-23.00000
505.80230	22.00000
505.86042	0.00000
505.91854	-16.00000
505.97666	144.00000
506.03477	-112.00000
506.09288	-38.00000
506.15099	34.00000
506.20909	-34.00000
506.26719	-62.00000
506.32528	-38.00000
506.38337	-80.00000
506.44145	-64.00000
506.49953	14.00000
506.55761	-16.00000
506.61568	-140.00000
506.67375	-320.00000
506.73182	18.00000
506.78988	92.00000
506.84794	-66.00000
506.90599	98.00000
506.96404	-256.00000
507.02208	206.00000
507.08012	-174.00000
507.13816	-54.00000
507.19619	46.00000
507.25422	142.00000
507.31225	30.00000
507.37027	134.00000
507.42829	156.00000
507.48630	108.00000
507.54431	-48.00000
507.60231	4.00000
507.66031	20.00000
507.71831	124.00000
507.77630	82.00000
507.83429	28.00000
507.89228	128.00000
507.95026	126.00000
508.00824	-18.00000
508.06621	96.00000
508.12418	48.00000
508.18214	128.00000
508.24010	-66.00000
508.29806	-16.00000
508.35601	48.00000
508.41396	40.00000
508.47191	50.00000
508.52985	78.00000
508.58779	-74.00000
508.64572	34.00000
508.70365	92.00000
508.76157	130.00000
508.81949	-158.00000
508.87741	-14.00000
508.93532	48.00000
508.99323	54.00000
509.05114	-156.00000
509.10904	126.00000
509.16694	44.00000
509.22483	-156.00000
509.28272	28.00000
509.34060	146.00000
509.39848	221.00000
509.45636	0.00000
509.51423	50.00000
509.57210	-112.00000
509.62997	-236.00000
509.68783	-190.00000
509.74569	18.00000
509.80354	64.00000
509.86139	32.00000
509.91923	18.00000
509.97707	114.00000
510.03491	18.00000
510.09274	2.00000
510.15057	48.00000
510.20840	64.00000
510.26622	-96.00000
510.32404	208.00000
510.38185	156.00000
510.43966	274.00000
510.49746	110.00000
510.55526	82.00000
510.61306	-144.00000
510.67085	-84.00000
510.72864	44.00000
510.78643	-94.00000
510.84421	-128.00000
510.90199	29.00000
510.95976	223.00000
511.01753	-138.00000
511.07529	28.00000
511.13305	51.00000
511.19081	78.00000
511.24856	-6.00000
511.30631	-38.00000
511.36406	114.00000
511.42180	99.00000
511.47954	-90.00000
511.53727	-161.00000
511.59500	-82.00000
511.65272	-18.00000
511.71044	2.00000
511.76816	-16.00000
511.82587	-158.00000
511.88358	-26.00000
511.94129	-157.00000
511.99899	-130.00000
512.05669	82.00000
512.11438	96.00000
512.17207	-132.00000
512.22975	-16.00000
512.28743	-36.00000
512.34511	-30.00000
512.40278	102.00000
512.46045	-111.00000
512.51812	-14.00000
512.57578	158.00000
512.63344	146.00000
512.69109	80.00000
512.74874	-26.00000
512.80638	188.00000
512.86402	66.00000
512.92166	-80.00000
512.97929	99.00000
513.03692	76.00000
513.09455	224.00000
513.15217	144.00000
513.20979	-68.00000
513.26740	-18.00000
513.32501	-68.00000
513.38261	64.00000
513.44021	192.00000
513.49781	176.00000
513.55540	-20.00000
513.61299	62.00000
513.67058	-94.00000
513.72816	-14.00000
513.78574	-35.00000
513.84331	4.00000
513.90088	-108.00000
513.95844	30.00000
514.01600	-32.00000
514.07356	-130.00000
514.13111	-35.00000
514.18866	46.00000
514.24621	80.00000
514.30375	2.00000
514.36129	48.00000
514.41882	112.00000
514.47635	36.00000
514.53387	68.00000
514.59139	98.00000
514.64891	-48.00000
514.70642	-160.00000
514.76393	-2.00000
514.82144	80.00000
514.87894	-96.00000
514.93644	-126.00000
514.99393	-14.00000
515.05142	-114.00000
515.10890	80.00000
515.16638	-98.00000
515.22386	-46.00000
515.28133	48.00000
515.33880	78.00000
515.39627	93.00000
515.45373	94.00000
515.51119	114.00000
515.56864	-53.00000
515.62609	240.00000
515.68353	-12.00000
515.74097	-66.00000
515.79841	94.00000
515.85584	-47.00000
515.91327	114.00000
515.97070	-18.00000
516.02812	-66.00000
516.08554	-2.00000
516.14295	-2.00000
516.20036	241.00000
516.25776	-91.00000
516.31516	-47.00000
516.37256	-79.00000
516.42995	-2.00000
516.48734	60.00000
516.54473	30.00000
516.60211	141.00000
516.65949	191.00000
516.71686	160.00000
516.77423	26.00000
516.83159	-127.00000
516.88895	3.00000
516.94631	-130.00000
517.00366	-270.00000
517.06101	126.00000
517.11836	-50.00000
517.17570	144.00000
517.23304	194.00000
517.29037	-114.00000
517.34770	95.00000
517.40502	-15.00000
517.46234	48.00000
517.51966	158.00000
517.57697	80.00000
517.63428	116.00000
517.69159	149.00000
517.74889	35.00000
517.80619	26.00000
517.86348	174.00000
517.92077	110.00000
517.97805	192.00000
518.03533	83.00000
518.09261	3.00000
518.14988	-78.00000
518.20715	105.00000
518.26442	-146.00000
518.32168	116.00000
518.37894	159.00000
518.43619	30.00000
518.49344	-194.00000
518.55068	-31.00000
518.60792	128.00000
518.66516	142.00000
518.72239	52.00000
518.77962	50.00000
518.83685	52.00000
518.89407	30.00000
518.95129	-156.00000
519.00850	-98.00000
519.06571	229.00000
519.12291	21.00000
519.18011	112.00000
519.23731	-48.00000
519.29450	190.00000
519.35169	-110.00000
519.40888	-38.00000
519.46606	144.00000
519.52324	146.00000
519.58041	-14.00000
519.63758	83.00000
519.69474	78.00000
519.75190	26.00000
519.80906	-51.00000
519.86621	158.00000
519.92336	133.00000
519.98051	-34.00000
520.03765	84.00000
520.09479	-226.00000
520.15192	-128.00000
520.20905	-52.00000
520.26617	-93.00000
520.32329	42.00000
520.38041	-33.00000
520.43752	97.00000
520.49463	6.00000
520.55174	126.00000
520.60884	137.00000
520.66594	126.00000
520.72303	144.00000
520.78012	131.00000
520.83720	193.00000
520.89428	-81.00000
520.95136	-146.00000
521.00843	-55.00000
521.06550	-112.00000
521.12257	48.00000
521.17963	3.00000
521.23669	96.00000
521.29374	25.00000
521.35079	-50.00000
521.40783	-102.00000
521.46487	62.00000
521.52191	63.00000
521.57894	94.00000
521.63597	18.00000
521.69300	132.00000
521.75002	10.00000
521.80704	74.00000
521.86405	-65.00000
521.92106	26.00000
521.97806	91.00000
522.03506	146.00000
522.09206	1.00000
522.14905	183.00000
522.20604	32.00000
522.26303	78.00000
522.32001	57.00000
522.37699	-128.00000
522.43396	-54.00000
522.49093	144.00000
522.54789	142.00000
522.60485	94.00000
522.66181	96.00000
522.71876	114.00000
522.77571	50.00000
522.83266	-26.00000
522.88960	77.00000
522.94654	-88.00000
523.00347	-55.00000
523.06040	-17.00000
523.11732	-15.00000
523.17424	-118.00000
523.23116	77.00000
523.28807	38.00000
523.34498	-92.00000
523.40189	59.00000
523.45879	155.00000
523.51569	-33.00000
523.57258	54.00000
523.62947	-49.00000
523.68635	68.00000
523.74323	112.00000
523.80011	-48.00000
523.85698	103.00000
523.91385	-41.00000
523.97072	17.00000
524.02758	-73.00000
524.08444	-48.00000
524.14129	24.00000
524.19814	-76.00000
524.25498	-21.00000
524.31182	128.00000
524.36866	131.00000
524.42549	-112.00000
524.48232	-304.00000
524.53915	-90.00000
524.59597	105.00000
524.65279	22.00000
524.70960	9.00000
524.76641	35.00000
524.82321	-66.00000
524.88001	148.00000
524.93681	-58.00000
524.99360	47.00000
525.05039	112.00000
525.10718	262.00000
525.16396	182.00000
525.22074	-126.00000
525.27751	-129.00000
525.33428	-94.00000
525.39104	37.00000
525.44780	24.00000
525.50456	-160.00000
525.56131	47.00000
525.61806	14.00000
525.67481	34.00000
525.73155	-58.00000
525.78829	116.00000
525.84502	-138.00000
525.90175	34.00000
525.95847	-10.00000
526.01519	-174.00000
526.07191	-185.00000
526.12862	0.00000
526.18533	112.00000
526.24204	-96.00000
526.29874	-112.00000
526.35544	160.00000
526.41213	-14.00000
526.46882	-30.00000
526.52550	70.00000
526.58218	150.00000
526.63886	63.00000
526.69553	50.00000
526.75220	30.00000
526.80887	-109.00000
526.86553	51.00000
526.92219	39.00000
526.97884	-115.00000
527.03549	-30.00000
527.09213	12.00000
527.14877	60.00000
527.20541	0.00000
527.26204	50.00000
527.31867	70.00000
527.37530	-15.00000
527.43192	-16.00000
527.48854	220.00000
527.54515	144.00000
527.60176	-80.00000
527.65836	-32.00000
527.71496	66.00000
527.77156	-127.00000
527.82815	50.00000
527.88474	-68.00000
527.94133	-3.00000
527.99791	112.00000
528.05449	160.00000
528.11106	62.00000
528.16763	50.00000
528.22419	8.00000
528.28075	274.00000
528.33731	21.00000
528.39386	-78.00000
528.45041	-41.00000
528.50696	14.00000
528.56350	-208.00000
528.62004	50.00000
528.67657	96.00000
528.73310	103.00000
528.78962	-221.00000
528.84614	154.00000
528.90266	-23.00000
528.95917	-17.00000
529.01568	150.00000
529.07219	61.00000
529.12869	102.00000
529.18519	-93.00000
529.24168	70.00000
529.29817	-146.00000
529.35465	-35.00000
529.41113	-112.00000
529.46761	228.00000
529.52408	-14.00000
529.58055	-16.00000
529.63702	-222.00000
529.69348	80.00000
529.74994	33.00000
529.80639	64.00000
529.86284	-108.00000
529.91928	-134.00000
529.97572	30.00000
530.03216	80.00000
530.08859	178.00000
530.14502	-67.00000
530.20145	-82.00000
530.25787	44.00000
530.31429	-94.00000
530.37070	43.00000
530.42711	102.00000
530.48351	60.00000
530.53991	-96.00000
530.59631	-90.00000
530.65270	90.00000
530.70909	19.00000
530.76548	-98.00000
530.82186	-36.00000
530.87824	12.00000
530.93461	83.00000
530.99098	156.00000
531.04734	10.00000
531.10370	-258.00000
531.16006	-49.00000
531.21641	20.00000
531.27276	20.00000
531.32911	132.00000
531.38545	104.00000
531.44179	-128.00000
531.49812	-81.00000
531.55445	82.00000
531.61077	-38.00000
531.66709	-112.00000
531.72341	144.00000
531.77972	-117.00000
531.83603	-18.00000
531.89234	-118.00000
531.94864	48.00000
532.00494	-23.00000
532.06123	54.00000
532.11752	16.00000
532.17380	105.00000
532.23008	94.00000
532.28636	18.00000
532.34263	-126.00000
532.39890	-270.00000
532.45517	62.00000
532.51143	102.00000
532.56769	146.00000
532.62394	-64.00000
532.68019	-58.00000
532.73643	-14.00000
532.79267	260.00000
532.84891	0.00000
532.90514	96.00000
532.96137	62.00000
533.01760	124.00000
533.07382	226.00000
533.13004	4.00000
533.18625	74.00000
533.24246	144.00000
533.29866	174.00000
533.35486	96.00000
533.41106	107.00000
533.46725	160.00000
533.52344	-68.00000
533.57963	0.00000
533.63581	46.00000
533.69199	126.00000
533.74816	-24.00000
533.80433	218.00000
533.86049	80.00000
533.91665	-7.00000
533.97281	-42.00000
534.02896	122.00000
534.08511	0.00000
534.14126	-62.00000
534.19740	46.00000
534.25354	64.00000
534.30967	62.00000
534.36580	0.00000
534.42192	57.00000
534.47804	190.00000
534.53416	94.00000
534.59027	-16.00000
534.64638	12.00000
534.70249	46.00000
534.75859	142.00000
534.81469	-32.00000
534.87078	223.00000
534.92687	-80.00000
534.98295	46.00000
535.03903	90.00000
535.09511	94.00000
535.15118	130.00000
535.20725	256.00000
535.26332	34.00000
535.31938	64.00000
535.37544	-169.00000
535.43149	234.00000
535.48754	-87.00000
535.54358	334.00000
535.59962	368.00000
535.65566	148.00000
535.71169	58.00000
535.76772	-64.00000
535.82375	64.00000
535.87977	0.00000
535.93579	-98.00000
535.99180	-54.00000
536.04781	32.00000
536.10381	265.00000
536.15981	261.00000
536.21581	238.00000
536.27180	64.00000
536.32779	-15.00000
536.38378	16.00000
536.43976	206.00000
536.49574	240.00000
536.55171	170.00000
536.60768	103.00000
536.66364	213.00000
536.71960	49.00000
536.77556	179.00000
536.83151	-50.00000
536.88746	118.00000
536.94341	6.00000
536.99935	205.00000
537.05529	-79.00000
537.11122	0.00000
537.16715	-80.00000
537.22307	9.00000
537.27899	49.00000
537.33491	80.00000
537.39082	-36.00000
537.44673	128.00000
537.50264	101.00000
537.55854	103.00000
537.61444	161.00000
537.67033	63.00000
537.72622	380.00000
537.78210	147.00000
537.83798	1.00000
537.89386	-78.00000
537.94973	-22.00000
538.00560	176.00000
538.06147	106.00000
538.11733	186.00000
538.17319	129.00000
538.22904	-82.00000
538.28489	-123.00000
538.34073	-110.00000
538.39657	62.00000
538.45241	-176.00000
538.50824	-64.00000
538.56407	126.00000
538.61990	-10.00000
538.67572	-92.00000
538.73154	-66.00000
538.78735	110.00000
538.84316	128.00000
538.89896	10.00000
538.95476	213.00000
539.01056	134.00000
539.06635	109.00000
539.12214	78.00000
539.17793	-119.00000
539.23371	36.00000
539.28949	84.00000
539.34526	110.00000
539.40103	-50.00000
539.45679	-52.00000
539.51255	-2.00000
539.56831	218.00000
539.62406	-50.00000
539.67981	195.00000
539.73556	176.00000
539.79130	130.00000
539.84704	-31.00000
539.90277	36.00000
539.95850	176.00000
540.01422	-190.00000
540.06994	110.00000
540.12566	402.00000
540.18137	-192.00000
540.23708	46.00000
540.29279	148.00000
540.34849	48.00000
540.40419	-24.00000
540.45988	-50.00000
540.51557	238.00000
540.57125	42.00000
540.62693	128.00000
540.68261	118.00000
540.73828	132.00000
540.79395	266.00000
540.84962	-38.00000
540.90528	30.00000
540.96094	0.00000
541.01659	194.00000
541.07224	-80.00000
541.12788	45.00000
541.18352	309.00000
541.23916	144.00000
541.29479	46.00000
541.35042	74.00000
541.40605	210.00000
541.46167	260.00000
541.51729	214.00000
541.57290	120.00000
541.62851	255.00000
541.68411	237.00000
541.73971	336.00000
541.79531	96.00000
541.85090	168.00000
541.90649	120.00000
541.96208	-10.00000
542.01766	158.00000
542.07324	209.00000
542.12881	192.00000
542.18438	205.00000
542.23994	405.00000
542.29550	177.00000
542.35106	176.00000
542.40661	57.00000
542.46216	96.00000
542.51771	136.00000
542.57325	329.00000
542.62879	145.00000
542.68432	341.00000
542.73985	484.00000
542.79537	347.00000
542.85089	240.00000
542.90641	260.00000
542.96192	299.00000
543.01743	159.00000
543.07294	416.00000
543.12844	435.00000
543.18394	462.00000
543.23943	452.00000
543.29492	584.00000
543.35040	388.00000
543.40588	373.00000
543.46136	351.00000
543.51683	642.00000
543.57230	608.00000
543.62777	579.00000
543.68323	511.00000
543.73869	565.00000
543.79414	1238.00000
543.84959	4181.00000
543.90503	25101.00000
543.96047	52786.00000
544.01591	43761.00000
544.07134	29222.00000
544.12677	17554.00000
544.18220	11030.00000
544.23762	9440.00000
544.29304	9728.00000
544.34845	10130.00000
544.40386	6902.00000
544.45926	3558.00000
544.51466	1662.00000
544.57006	642.00000
544.62545	572.00000
544.68084	198.00000
544.73623	326.00000
544.79161	278.00000
544.84699	174.00000
544.90236	102.00000
544.95773	-142.00000
545.01309	66.00000
545.06845	102.00000
545.12381	164.00000
545.17916	-34.00000
545.23451	219.00000
545.28986	32.00000
545.34520	129.00000
545.40054	130.00000
545.45587	322.00000
545.51120	-48.00000
545.56652	64.00000
545.62184	146.00000
545.67716	222.00000
545.73247	54.00000
545.78778	228.00000
545.84309	64.00000
545.89839	2.00000
545.95369	174.00000
546.00898	278.00000
546.06427	66.00000
546.11955	226.00000
546.17483	114.00000
546.23011	50.00000
546.28538	98.00000
546.34065	-46.00000
546.39592	-98.00000
546.45118	82.00000
546.50644	16.00000
546.56169	114.00000
546.61694	-110.00000
546.67218	-42.00000
546.72742	-37.00000
546.78266	70.00000
546.83789	-62.00000
546.89312	192.00000
546.94835	426.00000
547.00357	123.00000
547.05879	2.00000
547.11400	226.00000
547.16921	-18.00000
547.22441	64.00000
547.27961	94.00000
547.33481	44.00000
547.39000	166.00000
547.44519	75.00000
547.50038	-36.00000
547.55556	94.00000
547.61074	128.00000
547.66591	79.00000
547.72108	-132.00000
547.77624	112.00000
547.83140	-24.00000
547.88656	12.00000
547.94171	0.00000
547.99686	182.00000
548.05201	176.00000
548.10715	-4.00000
548.16229	34.00000
548.21742	126.00000
548.27255	18.00000
548.32767	38.00000
548.38279	162.00000
548.43791	186.00000
548.49302	205.00000
548.54813	114.00000
548.60324	122.00000
548.65834	-44.00000
548.71344	59.00000
548.76853	212.00000
548.82362	260.00000
548.87870	156.00000
548.93378	176.00000
548.98886	66.00000
549.04393	83.00000
549.09900	-96.00000
549.15407	46.00000
549.20913	190.00000
549.26419	-110.00000
549.31924	-162.00000
549.37429	-100.00000
549.42933	226.00000
549.48437	370.00000
549.53941	144.00000
549.59444	-48.00000
549.64947	150.00000
549.70450	16.00000
549.75952	71.00000
549.81454	-132.00000
549.86955	160.00000
549.92456	334.00000
549.97956	66.00000
550.03456	10.00000
550.08956	188.00000
550.14455	50.00000
550.19954	176.00000
550.25453	242.00000
550.30951	-62.00000
550.36449	66.00000
550.41946	-46.00000
550.47443	-48.00000
550.52939	16.00000
550.58435	-32.00000
550.63931	256.00000
550.69426	112.00000
550.74921	102.00000
550.80416	57.00000
550.85910	376.00000
550.91404	18.00000
550.96897	-260.00000
551.02390	206.00000
551.07882	-195.00000
551.13374	156.00000
551.18866	92.00000
551.24357	-84.00000
551.29848	-84.00000
551.35339	32.00000
551.40829	226.00000
551.46319	52.00000
551.51808	38.00000
551.57297	80.00000
551.62785	-116.00000
551.68273	94.00000
551.73761	44.00000
551.79248	-32.00000
551.84735	108.00000
551.90222	-166.00000
551.95708	446.00000
552.01194	-16.00000
552.06679	-96.00000
552.12164	-61.00000
552.17648	94.00000
552.23132	49.00000
552.28616	62.00000
552.34099	256.00000
552.39582	30.00000
552.45065	48.00000
552.50547	-178.00000
552.56029	16.00000
552.61510	-130.00000
552.66991	112.00000
552.72471	-34.00000
552.77951	-47.00000
552.83431	192.00000
552.88910	14.00000
552.94389	-95.00000
552.99868	132.00000
553.05346	34.00000
553.10824	91.00000
553.16301	-158.00000
553.21778	124.00000
553.27254	114.00000
553.32730	-272.00000
553.38206	50.00000
553.43681	-94.00000
553.49156	94.00000
553.54631	34.00000
553.60105	758.00000
553.65579	12.00000
553.71052	16.00000
553.76525	-48.00000
553.81997	-18.00000
553.87469	239.00000
553.92941	206.00000
553.98412	101.00000
554.03883	-400.00000
554.09354	-115.00000
554.14824	126.00000
554.20294	35.00000
554.25763	219.00000
554.31232	-226.00000
554.36700	142.00000
554.42168	274.00000
554.47636	144.00000
554.53103	48.00000
554.58570	176.00000
554.64037	-45.00000
554.69503	-50.00000
554.74969	106.00000
554.80434	126.00000
554.85899	206.00000
554.91363	174.00000
554.96827	98.00000
555.02291	-143.00000
555.07754	-61.00000
555.13217	109.00000
555.18680	14.00000
555.24142	113.00000
555.29604	36.00000
555.35065	2.00000
555.40526	-141.00000
555.45986	-2.00000
555.51446	-2.00000
555.56906	78.00000
555.62365	288.00000
555.67824	372.00000
555.73283	-224.00000
555.78741	57.00000
555.84199	-144.00000
555.89656	350.00000
555.95113	64.00000
556.00569	78.00000
556.06025	-34.00000
556.11481	62.00000
556.16936	5.00000
556.22391	36.00000
556.27846	84.00000
556.33300	190.00000
556.38754	-146.00000
556.44207	110.00000
556.49660	221.00000
556.55112	-50.00000
556.60564	20.00000
556.66016	102.00000
556.71467	224.00000
556.76918	94.00000
556.82369	62.00000
556.87819	304.00000
556.93269	16.00000
556.98718	114.00000
557.04167	304.00000
557.09615	98.00000
557.15063	94.00000
557.20511	78.00000
557.25958	-18.00000
557.31405	-80.00000
557.36852	68.00000
557.42298	-44.00000
557.47744	-18.00000
557.53189	14.00000
557.58634	139.00000
557.64078	20.00000
557.69522	62.00000
557.74966	222.00000
557.80409	192.00000
557.85852	238.00000
557.91295	30.00000
557.96737	112.00000
558.02179	-64.00000
558.07620	18.00000
558.13061	78.00000
558.18501	-116.00000
558.23941	122.00000
558.29381	138.00000
558.34820	96.00000
558.40259	196.00000
558.45698	-32.00000
558.51136	-128.00000
558.56574	-18.00000
558.62011	144.00000
558.67448	-178.00000
558.72884	-240.00000
558.78320	-3.00000
558.83756	238.00000
558.89191	32.00000
558.94626	48.00000
559.00061	78.00000
559.05495	78.00000
559.10929	-112.00000
559.16362	-1.00000
559.21795	224.00000
559.27227	242.00000
559.32659	102.00000
559.38091	-64.00000
559.43522	190.00000
559.48953	120.00000
559.54384	110.00000
559.59814	476.00000
559.65244	-143.00000
559.70673	74.00000
559.76102	143.00000
559.81530	102.00000
559.86958	70.00000
559.92386	-52.00000
559.97813	14.00000
560.03240	-8.00000
560.08667	-71.00000
560.14093	16.00000
560.19519	13.00000
560.24944	253.00000
560.30369	31.00000
560.35793	158.00000
560.41217	156.00000
560.46641	-32.00000
560.52064	96.00000
560.57487	78.00000
560.62910	79.00000
560.68332	111.00000
560.73754	16.00000
560.79175	112.00000
560.84596	-50.00000
560.90016	-50.00000
560.95436	112.00000
561.00856	157.00000
561.06275	132.00000
561.11694	110.00000
561.17113	173.00000
561.22531	256.00000
561.27949	-32.00000
561.33366	160.00000
561.38783	63.00000
561.44199	68.00000
561.49615	-196.00000
561.55031	70.00000
561.60446	448.00000
561.65861	-336.00000
561.71276	-36.00000
561.76690	228.00000
561.82104	285.00000
561.87517	78.00000
561.92930	46.00000
561.98342	160.00000
562.03754	336.00000
562.09166	96.00000
562.14577	22.00000
562.19988	146.00000
562.25399	160.00000
562.30809	48.00000
562.36219	18.00000
562.41628	140.00000
562.47037	142.00000
562.52445	224.00000
562.57853	125.00000
562.63261	48.00000
562.68668	-16.00000
562.74075	-80.00000
562.79482	22.00000
562.84888	74.00000
562.90294	14.00000
562.95699	178.00000
563.01104	62.00000
563.06508	32.00000
563.11912	198.00000
563.17316	70.00000
563.22719	-132.00000
563.28122	-18.00000
563.33525	146.00000
563.38927	190.00000
563.44329	-32.00000
563.49730	-148.00000
563.55131	-48.00000
563.60531	96.00000
563.65931	-18.00000
563.71331	110.00000
563.76730	-64.00000
563.82129	228.00000
563.87528	28.00000
563.92926	158.00000
563.98324	178.00000
564.03721	-46.00000
564.09118	-28.00000
564.14514	38.00000
564.19910	102.00000
564.25306	-22.00000
564.30701	-26.00000
564.36096	46.00000
564.41491	94.00000
564.46885	-190.00000
564.52279	46.00000
564.57672	382.00000
564.63065	48.00000
564.68457	-96.00000
564.73849	372.00000
564.79241	246.00000
564.84632	206.00000
564.90023	-162.00000
564.95414	186.00000
565.00804	196.00000
565.06194	30.00000
565.11583	92.00000
565.16972	48.00000
565.22360	208.00000
565.27748	128.00000
565.33136	270.00000
565.38523	32.00000
565.43910	30.00000
565.49297	178.00000
565.54683	162.00000
565.60069	16.00000
565.65454	-108.00000
565.70839	176.00000
565.76223	114.00000
565.81607	98.00000
565.86991	-6.00000
565.92374	78.00000
565.97757	208.00000
566.03140	64.00000
566.08522	76.00000
566.13904	268.00000
566.19285	-16.00000
566.24666	142.00000
566.30046	130.00000
566.35426	288.00000
566.40806	0.00000
566.46185	-80.00000
566.51564	-32.00000
566.56943	94.00000
566.62321	272.00000
566.67699	16.00000
566.73076	130.00000
566.78453	-158.00000
566.83829	-78.00000
566.89205	-46.00000
566.94581	-78.00000
566.99956	64.00000
567.05331	148.00000
567.10706	-32.00000
567.16080	112.00000
567.21454	-122.00000
567.26827	-82.00000
567.32200	332.00000
567.37572	146.00000
567.42944	-48.00000
567.48316	-144.00000
567.53687	96.00000
567.59058	-32.00000
567.64429	-164.00000
567.69799	-80.00000
567.75169	76.00000
567.80538	80.00000
567.85907	82.00000
567.91275	124.00000
567.96643	-32.00000
568.02011	-198.00000
568.07378	48.00000
568.12745	26.00000
568.18112	124.00000
568.23478	-32.00000
568.28844	16.00000
568.34209	-84.00000
568.39574	-30.00000
568.44938	58.00000
568.50302	190.00000
568.55666	114.00000
568.61029	138.00000
568.66392	128.00000
568.71755	131.00000
568.77117	198.00000
568.82479	-14.00000
568.87840	-254.00000
568.93201	-128.00000
568.98561	128.00000
569.03921	158.00000
569.09281	130.00000
569.14640	20.00000
569.19999	-46.00000
569.25358	-174.00000
569.30716	36.00000
569.36074	-68.00000
569.41431	178.00000
569.46788	162.00000
569.52144	-2.00000
569.57500	6.00000
569.62856	130.00000
569.68211	-50.00000
569.73566	188.00000
569.78921	-14.00000
569.84275	250.00000
569.89629	-68.00000
569.94982	128.00000
570.00335	-46.00000
570.05687	-46.00000
570.11039	162.00000
570.16391	92.00000
570.21742	0.00000
570.27093	172.00000
570.32444	-47.00000
570.37794	188.00000
570.43144	66.00000
570.48493	62.00000
570.53842	74.00000
570.59190	-48.00000
570.64538	-64.00000
570.69886	234.00000
570.75233	94.00000
570.80580	272.00000
570.85927	-50.00000
570.91273	-182.00000
570.96619	176.00000
571.01964	240.00000
571.07309	-58.00000
571.12653	-238.00000
571.17997	-190.00000
571.23341	227.00000
571.28684	-22.00000
571.34027	106.00000
571.39370	-170.00000
571.44712	196.00000
571.50054	-234.00000
571.55395	182.00000
571.60736	65.00000
571.66076	116.00000
571.71416	21.00000
571.76756	-2.00000
571.82095	-210.00000
571.87434	292.00000
571.92773	50.00000
571.98111	224.00000
572.03449	196.00000
572.08786	126.00000
572.14123	146.00000
572.19459	161.00000
572.24795	103.00000
572.30131	33.00000
572.35466	-160.00000
572.40801	-61.00000
572.46136	-43.00000
572.51470	-75.00000
572.56804	77.00000
572.62137	228.00000
572.67470	158.00000
572.72802	126.00000
572.78134	-31.00000
572.83466	-75.00000
572.88797	192.00000
572.94128	20.00000
572.99459	64.00000
573.04789	206.00000
573.10119	-64.00000
573.15448	173.00000
573.20777	4.00000
573.26105	238.00000
573.31433	468.00000
573.36761	42.00000
573.42088	245.00000
573.47415	143.00000
573.52742	23.00000
573.58068	-77.00000
573.63394	-124.00000
573.68719	-41.00000
573.74044	48.00000
573.79368	36.00000
573.84692	244.00000
573.90016	240.00000
573.95339	304.00000
574.00662	46.00000
574.05985	117.00000
574.11307	466.00000
574.16629	928.00000
574.21950	2640.00000
574.27271	2068.00000
574.32591	1470.00000
574.37911	1251.00000
574.43231	1204.00000
574.48550	1180.00000
574.53869	928.00000
574.59188	806.00000
574.64506	670.00000
574.69824	403.00000
574.75141	676.00000
574.80458	448.00000
574.85774	336.00000
574.91090	310.00000
574.96406	465.00000
575.01721	218.00000
575.07036	366.00000
575.12351	210.00000
575.17665	223.00000
575.22979	227.00000
575.28292	66.00000
575.33605	254.00000
575.38917	92.00000
575.44229	149.00000
575.49541	224.00000
575.54852	-2.00000
575.60163	286.00000
575.65474	352.00000
575.70784	0.00000
575.76094	110.00000
575.81403	206.00000
575.86712	606.00000
575.92020	78.00000
575.97328	126.00000
576.02636	209.00000
576.07943	206.00000
576.13250	-18.00000
576.18557	271.00000
576.23863	1390.00000
576.29169	2566.00000
576.34474	1794.00000
576.39779	1445.00000
576.45083	1394.00000
576.50387	671.00000
576.55691	874.00000
576.60994	562.00000
576.66297	628.00000
576.71600	486.00000
576.76902	414.00000
576.82204	576.00000
576.87505	222.00000
576.92806	478.00000
576.98106	402.00000
577.03406	334.00000
577.08706	432.00000
577.14005	270.00000
577.19304	286.00000
577.24603	146.00000
577.29901	161.00000
577.35199	162.00000
577.40496	77.00000
577.45793	-51.00000
577.51089	178.00000
577.56385	213.00000
577.61681	352.00000
577.66976	152.00000
577.72271	201.00000
577.77566	35.00000
577.82860	93.00000
577.88154	46.00000
577.93447	158.00000
577.98740	50.00000
578.04032	168.00000
578.09324	-155.00000
578.14616	112.00000
578.19907	158.00000
578.25198	377.00000
578.30489	39.00000
578.35779	110.00000
578.41069	-7.00000
578.46358	201.00000
578.51647	245.00000
578.56935	125.00000
578.62223	-4.00000
578.67511	-95.00000
578.72798	113.00000
578.78085	65.00000
578.83372	4.00000
578.88658	-240.00000
578.93944	222.00000
578.99229	-103.00000
579.04514	-176.00000
579.09798	-40.00000
579.15082	-142.00000
579.20366	16.00000
579.25649	-34.00000
579.30932	458.00000
579.36215	-176.00000
579.41497	62.00000
579.46779	-32.00000
579.52060	-32.00000
579.57341	-80.00000
579.62621	-60.00000
579.67901	-2.00000
579.73181	-112.00000
579.78460	-25.00000
579.83739	65.00000
579.89018	528.00000
579.94296	-37.00000
579.99574	-100.00000
580.04851	235.00000
580.10128	-176.00000
580.15404	72.00000
580.20680	11.00000
580.25956	-82.00000
580.31231	204.00000
580.36506	-50.00000
580.41781	128.00000
580.47055	-288.00000
580.52329	37.00000
580.57602	203.00000
580.62875	160.00000
580.68147	-124.00000
580.73419	-141.00000
580.78691	55.00000
580.83962	-1.00000
580.89233	-158.00000
580.94504	-87.00000
580.99774	-61.00000
581.05044	332.00000
581.10313	144.00000
581.15582	-112.00000
581.20850	-34.00000
581.26118	236.00000
581.31386	251.00000
581.36653	-62.00000
581.41920	-74.00000
581.47187	-41.00000
581.52453	54.00000
581.57719	-80.00000
581.62984	-208.00000
581.68249	137.00000
581.73513	-32.00000
581.78777	70.00000
581.84041	66.00000
581.89304	768.00000
581.94567	48.00000
581.99830	36.00000
582.05092	-138.00000
582.10354	272.00000
582.15615	64.00000
582.20876	0.00000
582.26136	134.00000
582.31396	-127.00000
582.36656	78.00000
582.41915	76.00000
582.47174	98.00000
582.52433	194.00000
582.57691	18.00000
582.62949	64.00000
582.68206	24.00000
582.73463	-116.00000
582.78719	206.00000
582.83975	-63.00000
582.89231	16.00000
582.94486	-30.00000
582.99741	30.00000
583.04996	198.00000
583.10250	113.00000
583.15504	-28.00000
583.20757	81.00000
583.26010	294.00000
583.31262	66.00000
583.36514	-59.00000
583.41766	-30.00000
583.47017	-33.00000
583.52268	-66.00000
583.57519	-110.00000
583.62769	-299.00000
583.68019	225.00000
583.73268	128.00000
583.78517	-62.00000
583.83765	-102.00000
583.89013	-44.00000
583.94261	82.00000
583.99508	66.00000
584.04755	227.00000
584.10002	176.00000
584.15248	0.00000
584.20494	53.00000
584.25739	-48.00000
584.30984	144.00000
584.36228	24.00000
584.41472	177.00000
584.46716	70.00000
584.51959	78.00000
584.57202	66.00000
584.62445	96.00000
584.67687	-20.00000
584.72929	258.00000
584.78170	-4.00000
584.83411	-14.00000
584.88651	-178.00000
584.93891	-62.00000
584.99131	0.00000
585.04370	-62.00000
585.09609	-18.00000
585.14848	-35.00000
585.20086	46.00000
585.25324	172.00000
585.30561	332.00000
585.35798	256.00000
585.41034	123.00000
585.46270	144.00000
585.51506	128.00000
585.56741	238.00000
585.61976	80.00000
585.67211	43.00000
585.72445	-30.00000
585.77679	50.00000
585.82912	86.00000
585.88145	-158.00000
585.93377	144.00000
585.98609	-78.00000
586.03841	66.00000
586.09072	-32.00000
586.14303	121.00000
586.19534	64.00000
586.24764	-18.00000
586.29994	64.00000
586.35223	-55.00000
586.40452	129.00000
586.45680	-51.00000
586.50908	256.00000
586.56136	238.00000
586.61363	228.00000
586.66590	-128.00000
586.71817	-80.00000
586.77043	70.00000
586.82269	-126.00000
586.87494	-128.00000
586.92719	50.00000
586.97943	-28.00000
587.03167	118.00000
587.08391	386.00000
587.13614	-44.00000
587.18837	94.00000
587.24060	-52.00000
587.29282	-2.00000
587.34504	211.00000
587.39725	-54.00000
587.44946	126.00000
587.50166	-182.00000
587.55386	0.00000
587.60606	-20.00000
587.65825	91.00000
587.71044	98.00000
587.76263	-42.00000
587.81481	-16.00000
587.86699	48.00000
587.91916	76.00000
587.97133	50.00000
588.02349	-60.00000
588.07565	206.00000
588.12781	144.00000
588.17996	90.00000
588.23211	-18.00000
588.28426	28.00000
588.33640	180.00000
588.38854	-62.00000
588.44067	-32.00000
588.49280	-118.00000
588.54492	-144.00000
588.59704	32.00000
588.64916	94.00000
588.70127	166.00000
588.75338	32.00000
588.80549	86.00000
588.85759	176.00000
588.90969	-36.00000
588.96178	-32.00000
589.01387	2.00000
589.06595	74.00000
589.11803	-16.00000
589.17011	160.00000
589.22218	-236.00000
589.27425	114.00000
589.32632	64.00000
589.37838	64.00000
589.43044	-32.00000
589.48249	-256.00000
589.53454	128.00000
589.58658	174.00000
589.63862	-143.00000
589.69066	18.00000
589.74269	80.00000
589.79472	-96.00000
589.84675	148.00000
589.89877	-15.00000
589.95079	-38.00000
590.00280	-208.00000
590.05481	-16.00000
590.10681	-101.00000
590.15881	50.00000
590.21081	-166.00000
590.26280	-6.00000
590.31479	48.00000
590.36678	285.00000
590.41876	210.00000
590.47074	-192.00000
590.52271	160.00000
590.57468	-124.00000
590.62664	-54.00000
590.67860	-64.00000
590.73056	0.00000
590.78251	118.00000
590.83446	80.00000
590.88641	-84.00000
590.93835	-124.00000
590.99029	46.00000
591.04222	-32.00000
591.09415	50.00000
591.14607	0.00000
591.19799	-401.00000
591.24991	42.00000
591.30182	-29.00000
591.35373	-18.00000
591.40564	37.00000
591.45754	-45.00000
591.50944	226.00000
591.56133	-128.00000
591.61322	36.00000
591.66510	44.00000
591.71698	-6.00000
591.76886	30.00000
591.82073	115.00000
591.87260	-18.00000
591.92447	-48.00000
591.97633	99.00000
592.02819	-109.00000
592.08004	94.00000
592.13189	44.00000
592.18373	-34.00000
592.23557	385.00000
592.28741	-45.00000
592.33924	-125.00000
592.39107	-13.00000
592.44290	59.00000
592.49472	51.00000
592.54654	-13.00000
592.59835	-20.00000
592.65016	-112.00000
592.70196	-6.00000
592.75376	188.00000
592.80556	256.00000
592.85735	59.00000
592.90914	-116.00000
592.96093	3.00000
593.01271	32.00000
593.06449	-316.00000
593.11626	99.00000
593.16803	138.00000
593.21979	-122.00000
593.27155	336.00000
593.32331	161.00000
593.37506	-16.00000
593.42681	22.00000
593.47856	-50.00000
593.53030	336.00000
593.58204	158.00000
593.63377	-127.00000
593.68550	-65.00000
593.73722	127.00000
593.78894	48.00000
593.84066	138.00000
