461.71169	-182.00000
461.77557	-110.00000
461.83944	90.00000
461.90331	-230.00000
461.96717	-122.00000
462.03103	-271.00000
462.09489	-192.00000
462.15875	48.00000
462.22259	38.00000
462.28644	20.00000
462.35028	64.00000
462.41412	-153.00000
462.47795	-224.00000
462.54178	-208.00000
462.60560	-156.00000
462.66942	-50.00000
462.73324	-95.00000
462.79705	-42.00000
462.86086	49.00000
462.92467	-150.00000
462.98847	-368.00000
463.05227	-130.00000
463.11606	182.00000
463.17985	-108.00000
463.24363	-94.00000
463.30741	-109.00000
463.37119	-92.00000
463.43496	1102.00000
463.49873	-210.00000
463.56250	-66.00000
463.62626	4.00000
463.69002	54.00000
463.75377	-30.00000
463.81752	-383.00000
463.88126	14.00000
463.94500	2.00000
464.00874	-174.00000
464.07247	174.00000
464.13620	-176.00000
464.19993	-235.00000
464.26365	-138.00000
464.32737	-44.00000
464.39108	-160.00000
464.45479	-417.00000
464.51849	-173.00000
464.58219	-2.00000
464.64589	-216.00000
464.70959	-157.00000
464.77327	-82.00000
464.83696	94.00000
464.90064	126.00000
464.96432	-346.00000
465.02799	-286.00000
465.09166	-290.00000
465.15532	-2.00000
465.21898	-148.00000
465.28264	438.00000
465.34629	-2.00000
465.40994	-210.00000
465.47359	68.00000
465.53723	-97.00000
465.60087	-66.00000
465.66450	-206.00000
465.72813	-122.00000
465.79175	-336.00000
465.85537	94.00000
465.91899	-56.00000
465.98260	388.00000
466.04621	-64.00000
466.10982	-288.00000
466.17342	-139.00000
466.23702	14.00000
466.30061	-60.00000
466.36420	-26.00000
466.42778	-38.00000
466.49136	-335.00000
466.55494	-288.00000
466.61851	-126.00000
466.68208	171.00000
466.74565	6.00000
466.80921	78.00000
466.87277	-130.00000
466.93632	-352.00000
466.99987	-14.00000
467.06341	254.00000
467.12695	70.00000
467.19049	-354.00000
467.25403	230.00000
467.31755	-194.00000
467.38108	-178.00000
467.44460	-1118.00000
467.50812	304.00000
467.57163	-84.00000
467.63514	16.00000
467.69864	-226.00000
467.76214	-274.00000
467.82564	-156.00000
467.88913	50.00000
467.95262	-156.00000
468.01611	-206.00000
468.07959	-242.00000
468.14307	-166.00000
468.20654	33.00000
468.27001	-50.00000
468.33347	-43.00000
468.39693	-208.00000
468.46039	30.00000
468.52384	-130.00000
468.58729	-136.00000
468.65074	-287.00000
468.71418	46.00000
468.77762	-274.00000
468.84105	522.00000
468.90448	-22.00000
468.96790	6.00000
469.03132	-144.00000
469.09474	40.00000
469.15815	-258.00000
469.22156	-100.00000
469.28497	-48.00000
469.34837	-302.00000
469.41177	-284.00000
469.47516	-96.00000
469.53855	58.00000
469.60193	-58.00000
469.66531	-192.00000
469.72869	-66.00000
469.79206	-72.00000
469.85543	34.00000
469.91880	-274.00000
469.98216	-194.00000
470.04552	-80.00000
470.10887	112.00000
470.17222	20.00000
470.23556	-272.00000
470.29890	308.00000
470.36224	-274.00000
470.42557	-178.00000
470.48890	-34.00000
470.55223	-63.00000
470.61555	-260.00000
470.67887	-163.00000
470.74218	30.00000
470.80549	238.00000
470.86879	-108.00000
470.93209	-160.00000
470.99539	80.00000
471.05868	-236.00000
471.12197	4.00000
471.18526	-98.00000
471.24854	-146.00000
471.31182	-470.00000
471.37509	-220.00000
471.43836	-878.00000
471.50162	78.00000
471.56489	-202.00000
471.62814	-239.00000
471.69139	-274.00000
471.75464	666.00000
471.81789	-144.00000
471.88113	-130.00000
471.94437	102.00000
472.00760	0.00000
472.07083	-234.00000
472.13405	-212.00000
472.19727	-34.00000
472.26049	1138.00000
472.32371	-134.00000
472.38691	72.00000
472.45012	1502.00000
472.51332	142.00000
472.57652	100.00000
472.63971	-76.00000
472.70290	-68.00000
472.76608	176.00000
472.82927	-70.00000
472.89244	-130.00000
472.95561	-236.00000
473.01878	150.00000
473.08195	32.00000
473.14511	-172.00000
473.20827	34.00000
473.27142	-118.00000
473.33457	-342.00000
473.39771	-66.00000
473.46085	101.00000
473.52399	-6.00000
473.58713	-254.00000
473.65025	130.00000
473.71338	-136.00000
473.77650	-156.00000
473.83962	-144.00000
473.90273	-64.00000
473.96584	80.00000
474.02894	-256.00000
474.09204	-240.00000
474.15514	102.00000
474.21823	-36.00000
474.28132	102.00000
474.34441	-196.00000
474.40749	-102.00000
474.47057	-46.00000
474.53364	-236.00000
474.59671	-208.00000
474.65977	-382.00000
474.72283	50.00000
474.78589	-42.00000
474.84895	-98.00000
474.91199	-116.00000
474.97504	-238.00000
475.03808	128.00000
475.10112	-64.00000
475.16415	-169.00000
475.22718	64.00000
475.29020	-14.00000
475.35323	-242.00000
475.41624	-180.00000
475.47925	-260.00000
475.54226	78.00000
475.60527	128.00000
475.66827	128.00000
475.73127	92.00000
475.79426	-232.00000
475.85725	-46.00000
475.92023	121.00000
475.98321	-128.00000
476.04619	-82.00000
476.10917	50.00000
476.17213	534.00000
476.23510	-144.00000
476.29806	-336.00000
476.36102	-240.00000
476.42397	-38.00000
476.48692	-174.00000
476.54986	118.00000
476.61280	-168.00000
476.67574	-198.00000
476.73867	230.00000
476.80160	-101.00000
476.86453	16.00000
476.92745	-192.00000
476.99037	-112.00000
477.05328	-48.00000
477.11619	-72.00000
477.17909	-2.00000
477.24199	-96.00000
477.30489	-210.00000
477.36778	-88.00000
477.43067	-224.00000
477.49356	-160.00000
477.55644	-110.00000
477.61932	-360.00000
477.68219	-33.00000
477.74506	252.00000
477.80792	-123.00000
477.87079	-236.00000
477.93364	-250.00000
477.99649	1.00000
478.05934	164.00000
478.12219	480.00000
478.18503	-188.00000
478.24787	64.00000
478.31070	-384.00000
478.37353	-268.00000
478.43635	-56.00000
478.49917	-46.00000
478.56199	-63.00000
478.62480	1346.00000
478.68761	-112.00000
478.75042	-188.00000
478.81322	-66.00000
478.87602	7.00000
478.93881	-26.00000
479.00160	-49.00000
479.06438	-122.00000
479.12716	-208.00000
479.18994	-246.00000
479.25271	-46.00000
479.31548	-142.00000
479.37825	60.00000
479.44101	227.00000
479.50377	-10.00000
479.56652	-158.00000
479.62927	-9.00000
479.69201	28.00000
479.75475	40.00000
479.81749	-78.00000
479.88022	-16.00000
479.94295	-210.00000
480.00568	-160.00000
480.06840	-122.00000
480.13112	-70.00000
480.19383	-128.00000
480.25654	-172.00000
480.31924	-176.00000
480.38194	48.00000
480.44464	-110.00000
480.50733	-26.00000
480.57002	4.00000
480.63271	-252.00000
480.69539	1550.00000
480.75807	58.00000
480.82074	78.00000
480.88341	-128.00000
480.94607	-112.00000
481.00873	-110.00000
481.07139	-96.00000
481.13405	-192.00000
481.19669	-208.00000
481.25934	-138.00000
481.32198	-102.00000
481.38462	236.00000
481.44725	-160.00000
481.50988	62.00000
481.57250	-8.00000
481.63513	80.00000
481.69774	-32.00000
481.76035	-106.00000
481.82296	-1248.00000
481.88557	124.00000
481.94817	132.00000
482.01077	136.00000
482.07336	-260.00000
482.13595	-208.00000
482.19853	-172.00000
482.26111	-98.00000
482.32369	-6.00000
482.38626	-98.00000
482.44883	2.00000
482.51140	-64.00000
482.57396	-276.00000
482.63652	-208.00000
482.69907	0.00000
482.76162	56.00000
482.82416	-270.00000
482.88671	98.00000
482.94924	-306.00000
483.01177	-116.00000
483.07430	-110.00000
483.13683	158.00000
483.19935	-20.00000
483.26187	-100.00000
483.32438	266.00000
483.38689	208.00000
483.44939	-212.00000
483.51189	-86.00000
483.57439	-32.00000
483.63689	100.00000
483.69937	-16.00000
483.76186	-106.00000
483.82434	-450.00000
483.88682	-62.00000
483.94929	-108.00000
484.01176	142.00000
484.07422	288.00000
484.13668	200.00000
484.19914	-106.00000
484.26159	-126.00000
484.32404	242.00000
484.38649	128.00000
484.44893	764.00000
484.51137	-160.00000
484.57380	45.00000
484.63623	-66.00000
484.69865	78.00000
484.76107	-14.00000
484.82349	88.00000
484.88590	20.00000
484.94831	-146.00000
485.01072	1542.00000
485.07312	-38.00000
485.13552	78.00000
485.19791	-234.00000
485.26030	-128.00000
485.32268	16.00000
485.38506	-240.00000
485.44744	74.00000
485.50981	-142.00000
485.57218	6.00000
485.63455	90.00000
485.69691	-242.00000
485.75927	-338.00000
485.82162	-290.00000
485.88397	136.00000
485.94631	106.00000
486.00865	-224.00000
486.07099	162.00000
486.13333	15.00000
486.19565	-226.00000
486.25798	-146.00000
486.32030	20.00000
486.38262	-260.00000
486.44493	78.00000
486.50724	-58.00000
486.56954	-178.00000
486.63184	-106.00000
486.69414	-138.00000
486.75643	20.00000
486.81872	6.00000
486.88101	128.00000
486.94329	18.00000
487.00557	-102.00000
487.06784	-208.00000
487.13011	-42.00000
487.19237	-162.00000
487.25463	116.00000
487.31689	158.00000
487.37914	44.00000
487.44139	430.00000
487.50364	-1490.00000
487.56588	22.00000
487.62812	-38.00000
487.69035	-2.00000
487.75258	258.00000
487.81480	130.00000
487.87703	-46.00000
487.93924	254.00000
488.00145	-106.00000
488.06366	-44.00000
488.12587	-74.00000
488.18807	227.00000
488.25027	12.00000
488.31246	-114.00000
488.37465	-158.00000
488.43683	-1274.00000
488.49901	-173.00000
488.56119	-44.00000
488.62336	-210.00000
488.68553	-240.00000
488.74770	276.00000
488.80986	-109.00000
488.87202	42.00000
488.93417	-48.00000
488.99632	1154.00000
489.05846	76.00000
489.12061	-102.00000
489.18274	-106.00000
489.24487	174.00000
489.30700	254.00000
489.36913	260.00000
489.43125	-98.00000
489.49337	32.00000
489.55548	116.00000
489.61759	-106.00000
489.67969	110.00000
489.74179	38.00000
489.80389	-76.00000
489.86599	-30.00000
489.92807	-130.00000
489.99016	-282.00000
490.05224	-18.00000
490.11432	18.00000
490.17639	14.00000
490.23846	-70.00000
490.30052	-58.00000
490.36259	-222.00000
490.42464	146.00000
490.48669	-308.00000
490.54874	414.00000
490.61079	-12.00000
490.67283	152.00000
490.73487	-80.00000
490.79690	-90.00000
490.85893	-42.00000
490.92095	-88.00000
490.98297	24.00000
491.04499	-14.00000
491.10701	-2.00000
491.16901	-192.00000
491.23102	64.00000
491.29302	-258.00000
491.35502	-92.00000
491.41701	-242.00000
491.47900	-160.00000
491.54098	16.00000
491.60296	-96.00000
491.66494	-32.00000
491.72691	8.00000
491.78888	-14.00000
491.85085	-50.00000
491.91281	32.00000
491.97477	-160.00000
492.03672	-11.00000
492.09867	46.00000
492.16061	-115.00000
492.22255	-128.00000
492.28449	-178.00000
492.34643	18.00000
492.40835	49.00000
492.47028	-26.00000
492.53220	0.00000
492.59412	-124.00000
492.65603	-14.00000
492.71794	1280.00000
492.77984	-121.00000
492.84175	109.00000
492.90364	-174.00000
492.96553	84.00000
493.02742	22.00000
493.08931	-146.00000
493.15119	151.00000
493.21307	-226.00000
493.27494	-270.00000
493.33681	-130.00000
493.39867	-180.00000
493.46053	-242.00000
493.52239	48.00000
493.58425	30.00000
493.64609	-102.00000
493.70794	-113.00000
493.76978	-224.00000
493.83162	72.00000
493.89345	-176.00000
493.95528	-18.00000
494.01710	-65.00000
494.07893	-55.00000
494.14074	-6.00000
494.20255	-258.00000
494.26436	-82.00000
494.32617	-86.00000
494.38797	46.00000
494.44977	-32.00000
494.51156	18.00000
494.57335	-208.00000
494.63513	-246.00000
494.69691	-222.00000
494.75869	358.00000
494.82047	-64.00000
494.88223	-190.00000
494.94400	-271.00000
495.00576	-212.00000
495.06752	8.00000
495.12927	190.00000
495.19102	222.00000
495.25276	-528.00000
495.31450	-154.00000
495.37624	-380.00000
495.43797	-190.00000
495.49970	-38.00000
495.56143	-30.00000
495.62315	-30.00000
495.68487	152.00000
495.74658	-178.00000
495.80829	95.00000
495.86999	-94.00000
495.93169	-142.00000
495.99339	-70.00000
496.05509	-14.00000
496.11677	-34.00000
496.17846	-26.00000
496.24014	-224.00000
496.30182	-46.00000
496.36349	-100.00000
496.42516	-2.00000
496.48682	-114.00000
496.54849	-30.00000
496.61014	50.00000
496.67179	146.00000
496.73344	-238.00000
496.79509	-30.00000
496.85673	178.00000
496.91837	12.00000
496.98000	4.00000
497.04163	-18.00000
497.10325	13.00000
497.16487	98.00000
497.22649	-26.00000
497.28810	-30.00000
497.34971	80.00000
497.41132	4.00000
497.47292	22.00000
497.53452	-209.00000
497.59611	-16.00000
497.65770	-146.00000
497.71928	2.00000
497.78087	-146.00000
497.84244	-164.00000
497.90401	-158.00000
497.96558	-129.00000
498.02715	-42.00000
498.08871	106.00000
498.15027	-54.00000
498.21182	-18.00000
498.27337	-210.00000
498.33491	-78.00000
498.39645	-131.00000
498.45799	64.00000
498.51952	-58.00000
498.58105	-64.00000
498.64258	-126.00000
498.70410	10.00000
498.76562	-69.00000
498.82713	-125.00000
498.88864	-256.00000
498.95014	10.00000
499.01164	30.00000
499.07314	-86.00000
499.13463	-52.00000
499.19612	26.00000
499.25761	-213.00000
499.31909	2.00000
499.38057	-334.00000
499.44204	-204.00000
499.50351	98.00000
499.56497	68.00000
499.62643	-178.00000
499.68789	-94.00000
499.74935	-98.00000
499.81079	62.00000
499.87224	-252.00000
499.93368	48.00000
499.99512	60.00000
500.05655	-190.00000
500.11798	-196.00000
500.17940	-21.00000
500.24083	-88.00000
500.30224	-234.00000
500.36365	-446.00000
500.42506	-54.00000
500.48647	0.00000
500.54787	120.00000
500.60927	0.00000
500.67066	34.00000
500.73205	-110.00000
500.79343	102.00000
500.85481	-246.00000
500.91619	-262.00000
500.97757	-16.00000
501.03893	-144.00000
501.10030	-286.00000
501.16166	-30.00000
501.22302	-190.00000
501.28437	-64.00000
501.34572	106.00000
501.40706	-122.00000
501.46841	-134.00000
501.52974	61.00000
501.59107	-66.00000
501.65240	-134.00000
501.71373	-78.00000
501.77505	-44.00000
501.83637	-132.00000
501.89768	114.00000
501.95899	82.00000
502.02029	32.00000
502.08159	-62.00000
502.14289	-64.00000
502.20418	62.00000
502.26547	202.00000
502.32676	18.00000
502.38804	-144.00000
502.44932	-114.00000
502.51059	114.00000
502.57186	-112.00000
502.63312	-82.00000
502.69439	-144.00000
502.75564	32.00000
502.81689	74.00000
502.87814	48.00000
502.93939	-36.00000
503.00063	-4.00000
503.06187	146.00000
503.12310	138.00000
503.18433	-62.00000
503.24555	46.00000
503.30677	-64.00000
503.36799	-133.00000
503.42921	60.00000
503.49041	198.00000
503.55162	-16.00000
503.61282	-50.00000
503.67402	-222.00000
503.73521	-14.00000
503.79640	40.00000
503.85758	-146.00000
503.91877	0.00000
503.97994	98.00000
504.04111	-117.00000
504.10228	10.00000
504.16345	-182.00000
504.22461	96.00000
504.28577	-62.00000
504.34692	-64.00000
504.40807	-132.00000
504.46921	74.00000
504.53035	100.00000
504.59149	-12.00000
504.65263	-229.00000
504.71375	44.00000
504.77488	-34.00000
504.83600	-72.00000
504.89712	96.00000
504.95823	-142.00000
505.01934	-269.00000
505.08044	-68.00000
505.14155	-48.00000
505.20264	-64.00000
505.26373	102.00000
505.32482	-109.00000
505.38591	-146.00000
505.44699	-256.00000
505.50807	-146.00000
505.56914	-160.00000
505.63021	-58.00000
505.69127	6.00000
505.75233	-282.00000
505.81339	-79.00000
505.87444	-256.00000
505.93549	-80.00000
505.99654	-164.00000
506.05758	-128.00000
506.11862	-160.00000
506.17965	-164.00000
506.24068	-42.00000
506.30170	-74.00000
506.36273	-18.00000
506.42374	-119.00000
506.48475	-114.00000
506.54576	116.00000
506.60677	-109.00000
506.66777	-98.00000
506.72877	-206.00000
506.78976	-160.00000
506.85075	-316.00000
506.91173	-6.00000
506.97271	-192.00000
507.03369	202.00000
507.09467	18.00000
507.15563	-62.00000
507.21660	14.00000
507.27756	2.00000
507.33852	-44.00000
507.39947	-92.00000
507.46042	-154.00000
507.52136	-34.00000
507.58231	-112.00000
507.64324	308.00000
507.70417	-215.00000
507.76510	64.00000
507.82603	-12.00000
507.88695	-129.00000
507.94787	-50.00000
508.00878	-154.00000
508.06969	6.00000
508.13059	-158.00000
508.19149	-38.00000
508.25239	-124.00000
508.31329	-110.00000
508.37417	-140.00000
508.43506	-28.00000
508.49594	-38.00000
508.55682	-78.00000
508.61769	-154.00000
508.67856	-98.00000
508.73942	-18.00000
508.80029	-214.00000
508.86114	-64.00000
508.92199	18.00000
508.98284	-194.00000
509.04369	80.00000
509.10453	32.00000
509.16537	-50.00000
509.22620	-142.00000
509.28703	-98.00000
509.34785	-128.00000
509.40867	-176.00000
509.46949	64.00000
509.53030	-82.00000
509.59111	194.00000
509.65192	-78.00000
509.71272	-22.00000
509.77352	152.00000
509.83431	-90.00000
509.89510	12.00000
509.95588	-224.00000
510.01666	80.00000
510.07744	-238.00000
510.13822	-78.00000
510.19898	-32.00000
510.25975	24.00000
510.32051	-20.00000
510.38127	32.00000
510.44202	2.00000
510.50277	-66.00000
510.56351	16.00000
510.62425	-46.00000
510.68499	-118.00000
510.74572	-34.00000
510.80645	-292.00000
510.86718	4.00000
510.92790	-148.00000
510.98862	-64.00000
511.04933	-212.00000
511.11004	-160.00000
511.17074	2.00000
511.23145	130.00000
511.29214	-128.00000
511.35283	-146.00000
511.41352	-198.00000
511.47421	-200.00000
511.53489	-16.00000
511.59557	-112.00000
511.65624	-134.00000
511.71691	-120.00000
511.77757	-30.00000
511.83823	-128.00000
511.89889	-214.00000
511.95954	50.00000
512.02019	-14.00000
512.08084	-176.00000
512.14148	-166.00000
512.20212	-278.00000
512.26275	-256.00000
512.32338	44.00000
512.38400	-38.00000
512.44462	-208.00000
512.50524	-60.00000
512.56585	-154.00000
512.62646	-206.00000
512.68707	-162.00000
512.74767	-90.00000
512.80827	-38.00000
512.86886	-144.00000
512.92945	-94.00000
512.99003	-134.00000
513.05061	-194.00000
513.11119	-96.00000
513.17177	-256.00000
513.23233	-149.00000
513.29290	78.00000
513.35346	-240.00000
513.41402	50.00000
513.47457	-122.00000
513.53512	42.00000
513.59566	-72.00000
513.65620	-162.00000
513.71674	34.00000
513.77728	-114.00000
513.83780	-32.00000
513.89833	-112.00000
513.95885	76.00000
514.01937	-54.00000
514.07988	-78.00000
514.14039	100.00000
514.20089	94.00000
514.26139	82.00000
514.32189	-50.00000
514.38238	-50.00000
514.44287	-2.00000
514.50336	-32.00000
514.56384	-182.00000
514.62432	-30.00000
514.68479	-298.00000
514.74526	-212.00000
514.80572	74.00000
514.86618	84.00000
514.92664	-160.00000
514.98710	-76.00000
515.04754	-42.00000
515.10799	-178.00000
515.16843	-176.00000
515.22887	31.00000
515.28930	-160.00000
515.34973	34.00000
515.41015	-116.00000
515.47057	24.00000
515.53099	30.00000
515.59141	224.00000
515.65181	-174.00000
515.71222	-150.00000
515.77262	60.00000
515.83302	66.00000
515.89341	152.00000
515.95380	64.00000
516.01418	-32.00000
516.07457	44.00000
516.13494	-142.00000
516.19531	-64.00000
516.25568	82.00000
516.31605	-240.00000
516.37641	11.00000
516.43677	-192.00000
516.49712	-26.00000
516.55747	-100.00000
516.61781	32.00000
516.67815	-14.00000
516.73849	-38.00000
516.79882	-54.00000
516.85915	104.00000
516.91948	-46.00000
516.97980	-80.00000
517.04012	43.00000
517.10043	-112.00000
517.16074	13.00000
517.22104	-31.00000
517.28134	-26.00000
517.34164	-96.00000
517.40193	-270.00000
517.46222	38.00000
517.52251	-6.00000
517.58279	-211.00000
517.64307	-35.00000
517.70334	-46.00000
517.76361	-12.00000
517.82387	-210.00000
517.88414	146.00000
517.94439	-127.00000
518.00464	-117.00000
518.06489	112.00000
518.12514	-62.00000
518.18538	98.00000
518.24562	-62.00000
518.30585	-70.00000
518.36608	-209.00000
518.42630	32.00000
518.48653	-70.00000
518.54674	-62.00000
518.60695	-126.00000
518.66716	-48.00000
518.72737	-34.00000
518.78757	-262.00000
518.84777	-222.00000
518.90796	-46.00000
518.96815	-200.00000
519.02833	146.00000
519.08852	-154.00000
519.14869	-158.00000
519.20886	-230.00000
519.26903	-122.00000
519.32920	-82.00000
519.38936	-238.00000
519.44952	-128.00000
519.50967	-220.00000
519.56982	-30.00000
519.62996	-22.00000
519.69010	-176.00000
519.75024	-210.00000
519.81038	-130.00000
519.87050	-126.00000
519.93063	-68.00000
519.99075	-248.00000
520.05087	-78.00000
520.11098	-84.00000
520.17109	50.00000
520.23119	-82.00000
520.29129	110.00000
520.35139	-128.00000
520.41148	-320.00000
520.47157	194.00000
520.53166	-136.00000
520.59174	64.00000
520.65182	-190.00000
520.71189	-142.00000
520.77196	-210.00000
520.83202	-382.00000
520.89208	-130.00000
520.95214	-54.00000
521.01220	-174.00000
521.07224	-226.00000
521.13229	-144.00000
521.19233	-48.00000
521.25237	56.00000
521.31240	-62.00000
521.37243	-266.00000
521.43245	52.00000
521.49248	-158.00000
521.55249	-93.00000
521.61250	-94.00000
521.67251	-290.00000
521.73252	-218.00000
521.79252	-46.00000
521.85252	-62.00000
521.91251	-134.00000
521.97250	-110.00000
522.03248	-114.00000
522.09246	-242.00000
522.15244	-96.00000
522.21241	-144.00000
522.27238	2.00000
522.33235	-80.00000
522.39231	-208.00000
522.45227	-141.00000
522.51222	-180.00000
522.57217	-34.00000
522.63211	-198.00000
522.69205	30.00000
522.75199	74.00000
522.81192	-30.00000
522.87185	-400.00000
522.93178	-130.00000
522.99170	-178.00000
523.05162	46.00000
523.11153	-98.00000
523.17144	-18.00000
523.23134	-205.00000
523.29125	0.00000
523.35114	-190.00000
523.41103	-176.00000
523.47092	37.00000
523.53081	6.00000
523.59069	-146.00000
523.65057	-190.00000
523.71044	-128.00000
523.77031	-168.00000
523.83017	26.00000
523.89004	-144.00000
523.94989	50.00000
524.00974	-131.00000
524.06959	-24.00000
524.12944	108.00000
524.18928	-158.00000
524.24912	58.00000
524.30895	-4.00000
524.36878	172.00000
524.42860	-224.00000
524.48843	-62.00000
524.54824	-116.00000
524.60806	-50.00000
524.66786	-24.00000
524.72767	-1.00000
524.78747	-198.00000
524.84727	-20.00000
524.90706	-148.00000
524.96685	-113.00000
525.02663	-80.00000
525.08641	-216.00000
525.14619	-1.00000
525.20596	-32.00000
525.26573	-62.00000
525.32550	102.00000
525.38526	-121.00000
525.44502	-128.00000
525.50477	86.00000
525.56452	-20.00000
525.62426	26.00000
525.68400	38.00000
525.74374	-138.00000
525.80347	-218.00000
525.86320	-78.00000
525.92293	-208.00000
525.98265	-210.00000
526.04237	-130.00000
526.10208	-30.00000
526.16179	-114.00000
526.22149	-51.00000
526.28120	16.00000
526.34089	60.00000
526.40058	-235.00000
526.46027	-153.00000
526.51996	-80.00000
526.57964	-112.00000
526.63932	-18.00000
526.69899	-98.00000
526.75866	-157.00000
526.81832	-214.00000
526.87798	18.00000
526.93764	58.00000
526.99729	-194.00000
527.05694	-44.00000
527.11659	-66.00000
527.17623	20.00000
527.23587	-172.00000
527.29550	-18.00000
527.35513	18.00000
527.41475	-58.00000
527.47438	-214.00000
527.53399	-18.00000
527.59361	-82.00000
527.65321	122.00000
527.71282	-66.00000
527.77242	158.00000
527.83202	-14.00000
527.89161	-122.00000
527.95120	-212.00000
528.01078	-112.00000
528.07037	-64.00000
528.12994	176.00000
528.18952	30.00000
528.24908	-354.00000
528.30865	-82.00000
528.36821	-110.00000
528.42777	10.00000
528.48732	-2.00000
528.54687	-50.00000
528.60641	-70.00000
528.66595	14.00000
528.72549	-44.00000
528.78502	-54.00000
528.84455	-2.00000
528.90408	-154.00000
528.96360	-178.00000
529.02312	14.00000
529.08263	-98.00000
529.14214	-98.00000
529.20164	12.00000
529.26114	-162.00000
529.32064	92.00000
529.38013	-96.00000
529.43962	-82.00000
529.49911	-125.00000
529.55859	-126.00000
529.61807	-54.00000
529.67754	-34.00000
529.73701	-94.00000
529.79647	18.00000
529.85593	62.00000
529.91539	92.00000
529.97484	-282.00000
530.03429	-26.00000
530.09374	-50.00000
530.15318	38.00000
530.21262	-120.00000
530.27205	38.00000
530.33148	156.00000
530.39090	-78.00000
530.45033	-94.00000
530.50974	-74.00000
530.56916	-220.00000
530.62856	-2.00000
530.68797	-64.00000
530.74737	-137.00000
530.80677	76.00000
530.86616	-285.00000
530.92555	130.00000
530.98493	-60.00000
531.04431	-50.00000
531.10369	-141.00000
531.16306	86.00000
531.22243	-50.00000
531.28180	84.00000
531.34116	-186.00000
531.40052	-20.00000
531.45987	-234.00000
531.51922	4.00000
531.57856	-194.00000
531.63790	-32.00000
531.69724	81.00000
531.75657	54.00000
531.81590	-150.00000
531.87523	-226.00000
531.93455	-82.00000
531.99387	-146.00000
532.05318	45.00000
532.11249	68.00000
532.17179	14.00000
532.23110	-80.00000
532.29039	32.00000
532.34969	-142.00000
532.40897	-130.00000
532.46826	-12.00000
532.52754	-72.00000
532.58682	-130.00000
532.64609	-176.00000
532.70536	-160.00000
532.76462	-32.00000
532.82389	-70.00000
532.88314	-16.00000
532.94240	-242.00000
533.00164	-90.00000
533.06089	-80.00000
533.12013	-124.00000
533.17937	-210.00000
533.23860	-96.00000
533.29783	6.00000
533.35705	-240.00000
533.41627	118.00000
533.47549	-128.00000
533.53470	-124.00000
533.59391	10.00000
533.65312	56.00000
533.71232	122.00000
533.77152	-50.00000
533.83071	-306.00000
533.88990	-194.00000
533.94908	-48.00000
534.00826	11.00000
534.06744	2.00000
534.12662	-96.00000
534.18578	-78.00000
534.24495	-62.00000
534.30411	-66.00000
534.36327	-80.00000
534.42242	-18.00000
534.48157	-268.00000
534.54071	-238.00000
534.59985	-4.00000
534.65899	-124.00000
534.71812	-66.00000
534.77725	-126.00000
534.83638	-168.00000
534.89550	-116.00000
534.95462	32.00000
535.01373	174.00000
535.07284	-32.00000
535.13194	-34.00000
535.19105	114.00000
535.25014	156.00000
535.30923	-48.00000
535.36832	-82.00000
535.42741	-150.00000
535.48649	0.00000
535.54557	-130.00000
535.60464	63.00000
535.66371	-12.00000
535.72277	0.00000
535.78184	5.00000
535.84089	-80.00000
535.89995	73.00000
535.95899	-50.00000
536.01804	-2.00000
536.07708	-100.00000
536.13612	-48.00000
536.19515	-144.00000
536.25418	-226.00000
536.31320	-96.00000
536.37222	-88.00000
536.43124	-144.00000
536.49025	-148.00000
536.54926	-56.00000
536.60827	-310.00000
536.66727	-308.00000
536.72627	-80.00000
536.78526	-114.00000
536.84425	32.00000
536.90323	0.00000
536.96222	16.00000
537.02119	-138.00000
537.08016	-112.00000
537.13913	-28.00000
537.19810	-18.00000
537.25706	-77.00000
537.31602	54.00000
537.37497	-194.00000
537.43392	-200.00000
537.49286	-52.00000
537.55181	-220.00000
537.61074	143.00000
537.66967	-124.00000
537.72860	-190.00000
537.78753	-30.00000
537.84645	-196.00000
537.90537	-160.00000
537.96428	4.00000
538.02319	-48.00000
538.08209	82.00000
538.14099	16.00000
538.19989	-80.00000
538.25878	18.00000
538.31767	-250.00000
538.37656	-174.00000
538.43544	-132.00000
538.49432	-94.00000
538.55319	-76.00000
538.61206	72.00000
538.67092	-190.00000
538.72978	-20.00000
538.78864	122.00000
538.84750	37.00000
538.90634	-32.00000
538.96519	50.00000
539.02403	212.00000
539.08287	-64.00000
539.14170	36.00000
539.20053	-208.00000
539.25935	-36.00000
539.31817	-186.00000
539.37699	-186.00000
539.43580	-306.00000
539.49461	-82.00000
539.55342	12.00000
539.61222	-42.00000
539.67102	-107.00000
539.72981	-64.00000
539.78860	-38.00000
539.84738	-98.00000
539.90616	272.00000
539.96494	-156.00000
540.02372	-272.00000
540.08248	66.00000
540.14125	16.00000
540.20001	-146.00000
540.25877	144.00000
540.31752	-208.00000
540.37627	-46.00000
540.43501	-116.00000
540.49375	14.00000
540.55249	-80.00000
540.61122	86.00000
540.66995	0.00000
540.72868	-134.00000
540.78740	-34.00000
540.84612	-128.00000
540.90483	-42.00000
540.96354	-222.00000
541.02224	-110.00000
541.08094	98.00000
541.13964	-32.00000
541.19833	-168.00000
541.25702	-32.00000
541.31571	-10.00000
541.37439	-128.00000
541.43307	-90.00000
541.49174	-66.00000
541.55041	-16.00000
541.60907	122.00000
541.66773	-86.00000
541.72639	82.00000
541.78504	-170.00000
541.84369	-126.00000
541.90234	-258.00000
541.96098	-20.00000
542.01962	-90.00000
542.07825	-74.00000
542.13688	-142.00000
542.19550	-190.00000
542.25413	192.00000
542.31274	-118.00000
542.37135	-90.00000
542.42996	-100.00000
542.48857	-110.00000
542.54717	96.00000
542.60577	-34.00000
542.66436	140.00000
542.72295	118.00000
542.78153	-70.00000
542.84011	-32.00000
542.89869	64.00000
542.95727	110.00000
543.01583	16.00000
543.07440	-46.00000
543.13296	-82.00000
543.19152	76.00000
543.25007	-222.00000
543.30862	66.00000
543.36716	112.00000
543.42570	28.00000
543.48424	260.00000
543.54278	26.00000
543.60130	-146.00000
543.65983	160.00000
543.71835	0.00000
543.77687	-54.00000
543.83538	-142.00000
543.89389	-96.00000
543.95239	14.00000
544.01089	-30.00000
544.06939	-50.00000
544.12788	110.00000
544.18637	238.00000
544.24486	244.00000
544.30334	188.00000
544.36182	134.00000
544.42029	194.00000
544.47876	192.00000
544.53722	286.00000
544.59569	404.00000
544.65414	276.00000
544.71259	272.00000
544.77104	826.00000
544.82949	2240.00000
544.88793	5174.00000
544.94637	5990.00000
545.00480	5756.00000
545.06323	8440.00000
545.12165	9440.00000
545.18007	10306.00000
545.23849	16178.00000
545.29690	14226.00000
545.35531	3652.00000
545.41372	24.00000
545.47212	64.00000
545.53052	438.00000
545.58891	155.00000
545.64730	80.00000
545.70568	272.00000
545.76406	140.00000
545.82244	60.00000
545.88081	80.00000
545.93918	-32.00000
545.99755	44.00000
546.05591	8.00000
546.11427	150.00000
546.17262	-240.00000
546.23097	-80.00000
546.28931	-95.00000
546.34766	-78.00000
546.40599	-34.00000
546.46433	-108.00000
546.52265	58.00000
546.58098	-40.00000
546.63930	69.00000
546.69762	-112.00000
546.75593	-114.00000
546.81424	-208.00000
546.87254	-80.00000
546.93084	-116.00000
546.98914	18.00000
547.04743	202.00000
547.10572	-224.00000
547.16401	-159.00000
547.22229	-80.00000
547.28057	-150.00000
547.33884	152.00000
547.39711	-173.00000
547.45537	-72.00000
547.51364	-11.00000
547.57189	-16.00000
547.63014	38.00000
547.68839	-146.00000
547.74664	-80.00000
547.80488	-144.00000
547.86312	4.00000
547.92135	-64.00000
547.97958	-267.00000
548.03780	-238.00000
548.09602	-114.00000
548.15424	-24.00000
548.21246	-114.00000
548.27066	90.00000
548.32887	0.00000
548.38707	-105.00000
548.44527	190.00000
548.50346	-130.00000
548.56165	-222.00000
548.61983	-81.00000
548.67801	-9.00000
548.73619	-128.00000
548.79436	-240.00000
548.85253	-18.00000
548.91070	21.00000
548.96886	-98.00000
549.02702	-184.00000
549.08517	-66.00000
549.14332	95.00000
549.20146	-74.00000
549.25960	0.00000
549.31774	-258.00000
549.37587	62.00000
549.43400	48.00000
549.49213	-114.00000
549.55025	0.00000
549.60837	-44.00000
549.66648	-2.00000
549.72459	-94.00000
549.78269	46.00000
549.84079	28.00000
549.89889	-58.00000
549.95698	-26.00000
550.01507	-68.00000
550.07316	-16.00000
550.13124	-50.00000
550.18932	258.00000
550.24739	-254.00000
550.30546	-2.00000
550.36352	-94.00000
550.42158	182.00000
550.47964	178.00000
550.53769	16.00000
550.59574	-242.00000
550.65379	-198.00000
550.71183	130.00000
550.76987	-94.00000
550.82790	62.00000
550.88593	-6.00000
550.94395	-20.00000
551.00198	-74.00000
551.05999	-224.00000
551.11801	-126.00000
551.17601	132.00000
551.23402	6.00000
551.29202	-286.00000
551.35002	-2.00000
551.40801	240.00000
551.46600	-105.00000
551.52398	-224.00000
551.58196	-204.00000
551.63994	122.00000
551.69791	-12.00000
551.75588	-192.00000
551.81385	102.00000
551.87181	122.00000
551.92977	10.00000
551.98772	74.00000
552.04567	2.00000
552.10361	-34.00000
552.16156	96.00000
552.21949	-112.00000
552.27742	-19.00000
552.33535	4.00000
552.39328	-106.00000
552.45120	-28.00000
552.50912	50.00000
552.56703	-50.00000
552.62494	12.00000
552.68284	-264.00000
552.74074	14.00000
552.79864	-50.00000
552.85654	-76.00000
552.91442	6.00000
552.97231	90.00000
553.03019	-128.00000
553.08807	-166.00000
553.14594	-64.00000
553.20381	-178.00000
553.26167	-50.00000
553.31953	-170.00000
553.37739	-98.00000
553.43525	50.00000
553.49309	-88.00000
553.55094	-52.00000
553.60878	-98.00000
553.66662	214.00000
553.72445	-242.00000
553.78228	-91.00000
553.84010	-66.00000
553.89792	-236.00000
553.95574	-96.00000
554.01355	-98.00000
554.07136	-24.00000
554.12917	-226.00000
554.18697	-14.00000
554.24477	-52.00000
554.30256	18.00000
554.36035	-48.00000
554.41813	128.00000
554.47591	-20.00000
554.53369	212.00000
554.59146	12.00000
554.64923	-154.00000
554.70700	-76.00000
554.76476	64.00000
554.82252	-192.00000
554.88027	16.00000
554.93802	0.00000
554.99576	-144.00000
555.05350	20.00000
555.11124	-146.00000
555.16897	-40.00000
555.22670	-189.00000
555.28443	-38.00000
555.34215	-63.00000
555.39987	-256.00000
555.45758	191.00000
555.51529	-66.00000
555.57299	-96.00000
555.63069	132.00000
555.68839	60.00000
555.74608	-40.00000
555.80377	136.00000
555.86146	-122.00000
555.91914	138.00000
555.97682	-110.00000
556.03449	84.00000
556.09216	-125.00000
556.14982	-48.00000
556.20749	-36.00000
556.26514	-68.00000
556.32280	-148.00000
556.38044	-24.00000
556.43809	-62.00000
556.49573	-96.00000
556.55337	-148.00000
556.61100	-83.00000
556.66863	-62.00000
556.72625	-33.00000
556.78387	82.00000
556.84149	-50.00000
556.89910	64.00000
556.95671	-28.00000
557.01432	-80.00000
557.07192	-73.00000
557.12952	-118.00000
557.18711	151.00000
557.24470	-132.00000
557.30228	-36.00000
557.35987	-242.00000
557.41744	54.00000
557.47501	-74.00000
557.53258	32.00000
557.59015	-43.00000
557.64771	-142.00000
557.70527	-112.00000
557.76282	-30.00000
557.82037	-69.00000
557.87791	-211.00000
557.93545	30.00000
557.99299	-6.00000
558.05052	-224.00000
558.10805	-86.00000
558.16558	-144.00000
558.22310	-126.00000
558.28062	-32.00000
558.33813	-158.00000
558.39564	-82.00000
558.45314	-118.00000
558.51065	-78.00000
558.56814	-32.00000
558.62563	-194.00000
558.68312	-148.00000
558.74061	-118.00000
558.79809	-185.00000
558.85557	2.00000
558.91304	-214.00000
558.97051	-16.00000
559.02797	-126.00000
559.08543	-162.00000
559.14289	13.00000
559.20034	-212.00000
559.25779	-21.00000
559.31524	-194.00000
559.37268	-3.00000
559.43012	-150.00000
559.48755	-52.00000
559.54498	-126.00000
559.60240	162.00000
559.65982	-154.00000
559.71724	-191.00000
559.77465	-146.00000
559.83206	98.00000
559.88947	-126.00000
559.94687	-122.00000
560.00427	-14.00000
560.06166	-57.00000
560.11905	-142.00000
560.17643	-276.00000
560.23381	-130.00000
560.29119	122.00000
560.34857	18.00000
560.40593	4.00000
560.46330	124.00000
560.52066	-142.00000
560.57802	-220.00000
560.63537	-98.00000
560.69272	-10.00000
560.75006	-148.00000
560.80741	226.00000
560.86474	-234.00000
560.92207	176.00000
560.97940	-142.00000
561.03673	-260.00000
561.09405	-74.00000
561.15137	-18.00000
561.20868	-7.00000
561.26599	158.00000
561.32329	-150.00000
561.38059	30.00000
561.43789	-158.00000
561.49518	-23.00000
561.55247	-248.00000
561.60976	216.00000
561.66704	206.00000
561.72432	-170.00000
561.78159	-94.00000
561.83886	-96.00000
561.89612	-26.00000
561.95338	-198.00000
562.01064	4.00000
562.06789	-47.00000
562.12514	-111.00000
562.18239	-54.00000
562.23963	50.00000
562.29687	102.00000
562.35410	-136.00000
562.41133	-26.00000
562.46855	-190.00000
562.52577	98.00000
562.58299	1.00000
562.64021	-110.00000
562.69741	-58.00000
562.75462	-22.00000
562.81182	-28.00000
562.86902	26.00000
562.92621	-181.00000
562.98340	42.00000
563.04058	14.00000
563.09776	-4.00000
563.15494	-6.00000
563.21212	30.00000
563.26928	-158.00000
563.32645	-32.00000
563.38361	-62.00000
563.44077	-42.00000
563.49792	43.00000
563.55507	10.00000
563.61221	-106.00000
563.66935	14.00000
563.72649	-117.00000
563.78362	-310.00000
563.84075	-18.00000
563.89788	-86.00000
563.95500	-86.00000
564.01212	-156.00000
564.06923	-320.00000
564.12634	34.00000
564.18344	-98.00000
564.24054	-62.00000
564.29764	-36.00000
564.35473	-130.00000
564.41182	-62.00000
564.46891	50.00000
564.52599	-94.00000
564.58307	18.00000
564.64014	-273.00000
564.69721	-280.00000
564.75427	14.00000
564.81133	-36.00000
564.86839	-132.00000
564.92544	3.00000
564.98249	-80.00000
565.03954	-196.00000
565.09658	-208.00000
565.15362	-168.00000
565.21065	-190.00000
565.26768	-93.00000
565.32470	1.00000
565.38173	-52.00000
565.43874	-206.00000
565.49576	-191.00000
565.55276	58.00000
565.60977	-54.00000
565.66677	-68.00000
565.72377	71.00000
565.78076	-128.00000
565.83775	-164.00000
565.89473	16.00000
565.95172	-32.00000
566.00869	-179.00000
566.06566	-132.00000
566.12263	-146.00000
566.17960	-20.00000
566.23656	-118.00000
566.29352	-232.00000
566.35047	-180.00000
566.40742	-2.00000
566.46436	-68.00000
566.52130	52.00000
566.57824	-150.00000
566.63517	-83.00000
566.69210	30.00000
566.74903	30.00000
566.80595	-47.00000
566.86287	-102.00000
566.91978	-14.00000
566.97669	-210.00000
567.03359	-144.00000
567.09049	-296.00000
567.14739	0.00000
567.20429	-55.00000
567.26117	-14.00000
567.31806	1.00000
567.37494	-192.00000
567.43182	-128.00000
567.48869	-134.00000
567.54556	-212.00000
567.60242	110.00000
567.65929	-22.00000
567.71614	-110.00000
567.77300	-148.00000
567.82984	-162.00000
567.88669	-212.00000
567.94353	239.00000
568.00037	-36.00000
568.05720	52.00000
568.11403	-60.00000
568.17085	-64.00000
568.22767	-90.00000
568.28449	-302.00000
568.34130	-106.00000
568.39811	-46.00000
568.45492	32.00000
568.51172	128.00000
568.56852	108.00000
568.62531	-134.00000
568.68210	-44.00000
568.73888	46.00000
568.79566	-84.00000
568.85244	26.00000
568.90921	-30.00000
568.96598	-138.00000
569.02275	56.00000
569.07951	-226.00000
569.13627	-82.00000
569.19302	-86.00000
569.24977	-122.00000
569.30651	-38.00000
569.36325	80.00000
569.41999	62.00000
569.47672	-106.00000
569.53345	18.00000
569.59018	-150.00000
569.64690	94.00000
569.70362	-10.00000
569.76033	-14.00000
569.81704	-73.00000
569.87374	0.00000
569.93045	112.00000
569.98714	0.00000
570.04383	-50.00000
570.10052	36.00000
570.15721	-144.00000
570.21389	114.00000
570.27057	51.00000
570.32724	102.00000
570.38391	82.00000
570.44057	-24.00000
570.49724	202.00000
570.55389	54.00000
570.61055	29.00000
570.66719	-80.00000
570.72384	58.00000
570.78048	-86.00000
570.83712	-50.00000
570.89375	-209.00000
570.95038	0.00000
571.00700	-80.00000
571.06363	30.00000
571.12024	-302.00000
571.17685	-84.00000
571.23346	-45.00000
571.29007	-66.00000
571.34667	158.00000
571.40327	116.00000
571.45986	-74.00000
571.51645	-110.00000
571.57303	-342.00000
571.62961	-16.00000
571.68619	16.00000
571.74277	-32.00000
571.79933	64.00000
571.85590	-242.00000
571.91246	82.00000
571.96902	-24.00000
572.02557	0.00000
572.08212	-170.00000
572.13866	46.00000
572.19520	-106.00000
572.25174	-180.00000
572.30827	-148.00000
572.36480	-42.00000
572.42133	-316.00000
572.47785	-210.00000
572.53437	-200.00000
572.59088	-73.00000
572.64739	-176.00000
572.70389	-118.00000
572.76040	-205.00000
572.81689	-88.00000
572.87338	-58.00000
572.92987	-268.00000
572.98636	-172.00000
573.04284	-112.00000
573.09932	-116.00000
573.15579	-96.00000
573.21226	-134.00000
573.26872	0.00000
573.32518	-213.00000
573.38164	-128.00000
573.43809	-210.00000
573.49454	28.00000
573.55099	-8.00000
573.60743	98.00000
573.66387	30.00000
573.72030	-174.00000
573.77673	-1.00000
573.83315	-224.00000
573.88957	38.00000
573.94599	98.00000
574.00241	-76.00000
574.05881	-160.00000
574.11522	46.00000
574.17162	-48.00000
574.22802	-38.00000
574.28441	-196.00000
574.34080	-204.00000
574.39718	-110.00000
574.45357	-174.00000
574.50994	-192.00000
574.56632	64.00000
574.62268	0.00000
574.67905	-142.00000
574.73541	-42.00000
574.79177	118.00000
574.84812	144.00000
574.90447	-36.00000
574.96081	92.00000
575.01716	98.00000
575.07349	-73.00000
575.12982	-30.00000
575.18615	-64.00000
575.24248	-146.00000
575.29880	608.00000
575.35512	5740.00000
575.41143	6004.00000
575.46774	445.00000
575.52404	62.00000
575.58034	16.00000
575.63664	-10.00000
575.69293	-136.00000
575.74922	17.00000
575.80551	-96.00000
575.86179	112.00000
575.91807	-134.00000
575.97434	-62.00000
576.03061	-90.00000
576.08687	-84.00000
576.14313	14.00000
576.19939	-45.00000
576.25565	-126.00000
576.31189	77.00000
576.36814	-202.00000
576.42438	64.00000
576.48062	-32.00000
576.53685	-2.00000
576.59308	32.00000
576.64930	-106.00000
576.70553	-94.00000
576.76174	112.00000
576.81795	4.00000
576.87416	-248.00000
576.93037	-35.00000
576.98657	112.00000
577.04277	114.00000
577.09896	143.00000
577.15515	18.00000
577.21133	-94.00000
577.26752	-38.00000
577.32369	256.00000
577.37986	2330.00000
577.43603	7020.00000
577.49220	2640.00000
577.54836	224.00000
577.60452	130.00000
577.66067	74.00000
577.71682	126.00000
577.77296	-36.00000
577.82911	-110.00000
577.88524	204.00000
577.94137	22.00000
577.99750	-68.00000
578.05363	-144.00000
578.10975	-64.00000
578.16587	206.00000
578.22198	32.00000
578.27809	-234.00000
578.33419	-104.00000
578.39029	32.00000
578.44639	-58.00000
578.50248	-118.00000
578.55857	48.00000
578.61466	-110.00000
578.67074	-103.00000
578.72682	-32.00000
578.78289	-19.00000
578.83896	-112.00000
578.89502	-256.00000
578.95109	90.00000
579.00714	-218.00000
579.06319	82.00000
579.11924	-128.00000
579.17529	-126.00000
579.23133	-190.00000
579.28737	-108.00000
579.34340	-220.00000
579.39943	-126.00000
579.45545	-158.00000
579.51148	-174.00000
579.56749	-66.00000
579.62351	-128.00000
579.67951	-2.00000
579.73552	-122.00000
579.79152	-94.00000
579.84752	96.00000
579.90351	-68.00000
579.95950	-290.00000
580.01548	2.00000
580.07146	-200.00000
580.12744	-102.00000
580.18341	-166.00000
580.23938	-192.00000
580.29535	-94.00000
580.35131	-17.00000
580.40727	18.00000
580.46322	-128.00000
580.51917	-306.00000
580.57511	-242.00000
580.63105	-78.00000
580.68699	-46.00000
580.74293	-176.00000
580.79885	-142.00000
580.85478	-278.00000
580.91070	-50.00000
580.96662	-196.00000
581.02253	0.00000
581.07844	0.00000
581.13434	-94.00000
581.19025	-94.00000
581.24614	-384.00000
581.30204	-22.00000
581.35792	-83.00000
581.41381	-254.00000
581.46969	-90.00000
581.52557	0.00000
581.58144	-212.00000
581.63731	2.00000
581.69317	-78.00000
581.74904	-126.00000
581.80489	-130.00000
581.86074	-206.00000
581.91659	146.00000
581.97244	-240.00000
582.02828	-211.00000
582.08412	16.00000
582.13995	-186.00000
582.19578	62.00000
582.25160	-204.00000
582.30742	-259.00000
582.36324	-102.00000
582.41905	-178.00000
582.47486	-242.00000
582.53067	-80.00000
582.58647	-134.00000
582.64227	76.00000
582.69806	80.00000
582.75385	-238.00000
582.80963	146.00000
582.86542	36.00000
582.92119	-84.00000
582.97697	-204.00000
583.03273	-180.00000
583.08850	-170.00000
583.14426	-98.00000
583.20002	-42.00000
583.25577	-70.00000
583.31152	70.00000
583.36726	-2.00000
583.42300	38.00000
583.47874	0.00000
583.53448	-144.00000
583.59020	-218.00000
583.64593	92.00000
583.70165	52.00000
583.75737	-90.00000
583.81308	-64.00000
583.86879	-14.00000
583.92449	6.00000
583.98019	-100.00000
584.03589	-211.00000
584.09159	-112.00000
584.14727	-48.00000
584.20296	-282.00000
584.25864	-130.00000
584.31432	-164.00000
584.36999	-66.00000
584.42566	64.00000
584.48132	-113.00000
584.53698	-10.00000
584.59264	-178.00000
584.64829	-128.00000
584.70394	-366.00000
584.75959	104.00000
584.81523	-96.00000
584.87087	-86.00000
584.92650	-8.00000
584.98213	4.00000
585.03775	-98.00000
585.09337	28.00000
585.14899	-94.00000
585.20461	-169.00000
585.26021	-57.00000
585.31582	-218.00000
585.37142	-118.00000
585.42702	-182.00000
585.48261	-63.00000
585.53820	-95.00000
585.59378	26.00000
585.64936	34.00000
585.70494	42.00000
585.76052	-191.00000
585.81608	-40.00000
585.87165	-178.00000
585.92721	123.00000
585.98277	-112.00000
586.03832	-162.00000
586.09387	-186.00000
586.14941	-140.00000
586.20496	-130.00000
586.26049	-49.00000
586.31602	-20.00000
586.37155	-218.00000
586.42708	-118.00000
586.48260	-125.00000
586.53812	129.00000
586.59363	-79.00000
586.64914	-16.00000
586.70464	-21.00000
586.76014	-192.00000
586.81564	-112.00000
586.87113	-34.00000
586.92662	96.00000
586.98211	-256.00000
587.03759	-114.00000
587.09307	-194.00000
587.14854	-136.00000
587.20401	-46.00000
587.25947	-218.00000
587.31493	-59.00000
587.37039	-176.00000
587.42584	-82.00000
587.48129	-106.00000
587.53674	-10.00000
587.59218	-180.00000
587.64762	-217.00000
587.70305	-240.00000
587.75848	-150.00000
587.81390	-78.00000
587.86933	-240.00000
587.92474	96.00000
587.98015	-144.00000
588.03556	53.00000
588.09097	-14.00000
588.14637	-138.00000
588.20177	-96.00000
588.25716	-32.00000
588.31255	-126.00000
588.36793	-28.00000
588.42332	-268.00000
588.47869	-216.00000
588.53406	-96.00000
588.58943	-192.00000
588.64480	54.00000
588.70016	-130.00000
588.75552	116.00000
588.81087	-352.00000
588.86622	-105.00000
588.92156	-50.00000
588.97690	-22.00000
589.03224	-168.00000
589.08757	-230.00000
589.14290	34.00000
589.19823	-342.00000
589.25355	-73.00000
589.30887	18.00000
589.36418	-146.00000
589.41949	-142.00000
589.47479	-186.00000
589.53009	174.00000
589.58539	-194.00000
589.64069	102.00000
589.69597	-42.00000
589.75126	-86.00000
589.80654	-6.00000
589.86182	-71.00000
589.91709	-130.00000
589.97236	-70.00000
590.02762	-16.00000
590.08288	-226.00000
590.13814	14.00000
590.19340	30.00000
590.24864	-346.00000
590.30389	-50.00000
590.35913	-32.00000
590.41437	16.00000
590.46960	-110.00000
590.52483	-46.00000
590.58005	40.00000
590.63527	-158.00000
590.69049	-90.00000
590.74570	-214.00000
590.80091	-106.00000
590.85612	-54.00000
590.91132	90.00000
590.96652	86.00000
591.02171	-124.00000
591.07690	-214.00000
591.13208	-50.00000
591.18727	-96.00000
591.24244	-150.00000
591.29761	30.00000
591.35278	174.00000
591.40795	32.00000
591.46311	104.00000
591.51827	-66.00000
591.57342	52.00000
591.62857	42.00000
591.68371	-192.00000
591.73885	12.00000
591.79399	34.00000
591.84912	-20.00000
591.90425	-144.00000
591.95938	-43.00000
592.01450	-46.00000
592.06962	-42.00000
592.12473	-210.00000
592.17984	-126.00000
592.23494	-130.00000
592.29005	-58.00000
592.34514	-26.00000
592.40023	-82.00000
592.45532	-186.00000
592.51041	-238.00000
592.56549	-156.00000
592.62057	-18.00000
592.67564	-114.00000
592.73071	-22.00000
592.78577	-114.00000
592.84083	-66.00000
592.89589	8.00000
592.95094	-72.00000
593.00599	-272.00000
593.06104	-30.00000
593.11608	-210.00000
593.17112	-14.00000
593.22615	-202.00000
593.28118	-82.00000
593.33620	52.00000
593.39122	-150.00000
593.44624	-130.00000
593.50125	-162.00000
593.55626	-171.00000
593.61127	-130.00000
593.66627	-98.00000
593.72127	18.00000
593.77626	-150.00000
593.83125	-134.00000
593.88623	-132.00000
593.94121	-33.00000
593.99619	-192.00000
594.05117	-204.00000
594.10613	-176.00000
594.16110	-46.00000
594.21606	-172.00000
594.27102	-108.00000
594.32597	-12.00000
594.38092	-194.00000
594.43586	-106.00000
594.49080	-128.00000
594.54574	-42.00000
594.60068	-43.00000
594.65560	-154.00000
594.71053	-64.00000
594.76545	-112.00000
594.82037	-78.00000
594.87528	-322.00000
594.93019	-194.00000
594.98509	-86.00000
595.03999	80.00000
595.09489	52.00000
595.14978	-94.00000
595.20467	30.00000
595.25956	-84.00000
595.31444	144.00000
595.36932	-104.00000
595.42419	-126.00000
595.47906	-134.00000
595.53392	-126.00000
595.58879	144.00000
595.64364	-48.00000
595.69849	48.00000
595.75334	60.00000
595.80819	-32.00000
595.86303	40.00000
595.91787	114.00000
595.97270	150.00000
596.02753	-58.00000
596.08235	-46.00000
596.13717	30.00000
596.19199	-76.00000
596.24680	110.00000
596.30161	10.00000
596.35642	-46.00000
596.41122	-164.00000
596.46602	-126.00000
596.52081	124.00000
596.57560	-76.00000
596.63038	-130.00000
596.68516	-38.00000
596.73994	48.00000
596.79471	-30.00000
596.84948	-192.00000
596.90425	-100.00000
596.95901	159.00000
597.01377	-81.00000
597.06852	-142.00000
597.12327	-198.00000
597.17801	-64.00000
597.23275	-174.00000
597.28749	-55.00000
597.34222	-106.00000
597.39695	-257.00000
597.45168	-58.00000
597.50640	-123.00000
597.56112	-16.00000
597.61583	-102.00000
597.67054	-435.00000
597.72524	-64.00000
597.77994	-52.00000
597.83464	-170.00000
597.88933	-14.00000
597.94402	-144.00000
597.99871	-32.00000
598.05339	-146.00000
598.10807	-64.00000
598.16274	70.00000
598.21741	-240.00000
598.27207	-220.00000
598.32673	-192.00000
598.38139	-378.00000
598.43605	-258.00000
598.49069	-108.00000
598.54534	-114.00000
598.59998	-244.00000
598.65462	-144.00000
598.70925	-214.00000
598.76388	-130.00000
598.81850	-158.00000
598.87312	-256.00000
598.92774	-159.00000
598.98235	-80.00000
599.03696	-186.00000
599.09157	-142.00000
599.14617	-228.00000
599.20077	-220.00000
599.25536	-30.00000
599.30995	-107.00000
599.36453	-160.00000
599.41912	-110.00000
599.47369	-140.00000
599.52827	-318.00000
599.58283	-160.00000
599.63740	212.00000
599.69196	-348.00000
599.74652	-128.00000
599.80107	-112.00000
599.85562	-170.00000
599.91016	-16.00000
599.96470	-240.00000
600.01924	-186.00000
600.07377	-160.00000
600.12830	-34.00000
600.18283	-178.00000
600.23735	56.00000
600.29187	-177.00000
600.34638	-242.00000
600.40089	-224.00000
600.45539	48.00000
600.50989	-322.00000
600.56439	-94.00000
600.61888	32.00000
600.67337	-142.00000
600.72786	-238.00000
600.78234	-320.00000
600.83682	-190.00000
600.89129	-198.00000
600.94576	-234.00000
601.00022	-242.00000
601.05469	16.00000
601.10914	-82.00000
601.16359	22.00000
601.21804	-256.00000
601.27249	-194.00000
601.32693	-82.00000
601.38137	-148.00000
601.43580	-136.00000
601.49023	-238.00000
601.54465	80.00000
601.59907	-308.00000
601.65349	-152.00000
601.70790	16.00000
601.76231	-158.00000
601.81672	-174.00000
601.87112	-190.00000
601.92552	-244.00000
601.97991	28.00000
602.03430	-158.00000
602.08868	-64.00000
602.14306	-76.00000
602.19744	-128.00000
602.25181	-32.00000
602.30618	-148.00000
602.36055	-74.00000
602.41491	0.00000
602.46927	-128.00000
602.52362	-82.00000
602.57797	-78.00000
602.63231	-62.00000
602.68665	-162.00000
602.74099	-112.00000
602.79533	-142.00000
602.84965	-2.00000
602.90398	-206.00000
602.95830	64.00000
603.01262	-84.00000
603.06693	-32.00000
603.12124	-38.00000
603.17554	16.00000
603.22984	22.00000
603.28414	-174.00000
603.33844	-16.00000
603.39272	-94.00000
603.44701	-144.00000
603.50129	-46.00000
603.55557	-64.00000
603.60984	-238.00000
603.66411	-93.00000
603.71837	16.00000
603.77264	-219.00000
603.82689	-38.00000
603.88114	-208.00000
603.93539	-140.00000
603.98964	-82.00000
604.04388	-208.00000
604.09812	-40.00000
604.15235	-58.00000
604.20658	-23.00000
604.26080	-134.00000
604.31502	-134.00000
604.36924	22.00000
604.42345	-367.00000
604.47766	-160.00000
604.53187	29.00000
604.58607	-80.00000
604.64027	-114.00000
604.69446	-176.00000
604.74865	-94.00000
604.80283	-252.00000
604.85701	-320.00000
604.91119	0.00000
604.96536	-86.00000
605.01953	-318.00000
605.07370	-190.00000
605.12786	-114.00000
605.18202	-131.00000
605.23617	-45.00000
605.29032	-290.00000
605.34446	-22.00000
605.39861	-86.00000
605.45274	-76.00000
605.50688	36.00000
605.56100	-244.00000
605.61513	-16.00000
605.66925	-116.00000
605.72337	91.00000
605.77748	-258.00000
605.83159	-64.00000
605.88569	-74.00000
605.93980	-282.00000
605.99389	-78.00000
606.04798	54.00000
606.10207	14.00000
606.15616	-50.00000
606.21024	-66.00000
606.26432	34.00000
606.31839	-306.00000
606.37246	-80.00000
606.42652	-32.00000
606.48059	-16.00000
606.53464	-192.00000
606.58869	-158.00000
606.64274	-162.00000
606.69679	-22.00000
606.75083	46.00000
606.80487	-202.00000
606.85890	48.00000
606.91293	-50.00000
606.96695	-58.00000
607.02097	34.00000
607.07499	-62.00000
607.12901	-154.00000
607.18301	-182.00000
607.23702	-98.00000
607.29102	-50.00000
607.34502	28.00000
607.39901	-206.00000
607.45300	-12.00000
607.50698	-226.00000
607.56096	80.00000
607.61494	-50.00000
607.66891	30.00000
607.72288	-14.00000
607.77685	-136.00000
607.83081	-169.00000
607.88477	-2.00000
607.93872	-156.00000
607.99267	-28.00000
608.04661	-106.00000
608.10055	50.00000
608.15449	-26.00000
608.20843	-126.00000
608.26235	15.00000
608.31628	78.00000
608.37020	-173.00000
608.42412	-94.00000
608.47803	88.00000
608.53194	-164.00000
608.58584	60.00000
608.63974	-74.00000
608.69364	-78.00000
608.74753	-136.00000
608.80142	-278.00000
608.85531	112.00000
608.90919	-246.00000
608.96307	-22.00000
609.01694	-168.00000
609.07081	-112.00000
609.12467	-128.00000
609.17854	-130.00000
609.23239	-210.00000
609.28624	-60.00000
609.34009	-56.00000
609.39394	-64.00000
609.44778	-178.00000
609.50162	-50.00000
609.55545	50.00000
609.60928	-64.00000
609.66310	-64.00000
609.71693	116.00000
609.77074	-92.00000
609.82456	-30.00000
609.87836	-226.00000
609.93217	-68.00000
609.98597	-190.00000
610.03977	208.00000
610.09356	26.00000
610.14735	-130.00000
610.20113	110.00000
610.25491	144.00000
610.30869	-139.00000
610.36246	-88.00000
610.41623	-159.00000
610.47000	-140.00000
610.52376	-106.00000
610.57752	-122.00000
610.63127	-42.00000
610.68502	-158.00000
610.73876	-66.00000
610.79251	-240.00000
610.84624	-112.00000
610.89997	-268.00000
610.95370	-66.00000
611.00743	-300.00000
611.06115	-46.00000
611.11487	-254.00000
611.16858	-80.00000
611.22229	-114.00000
611.27599	-210.00000
611.32969	-242.00000
611.38339	-140.00000
611.43709	78.00000
611.49077	174.00000
611.54446	-162.00000
611.59814	54.00000
611.65182	-330.00000
611.70549	14.00000
611.75916	0.00000
611.81282	30.00000
611.86648	-132.00000
611.92014	-112.00000
611.97379	-186.00000
612.02744	-10.00000
612.08109	58.00000
612.13473	-154.00000
612.18837	-240.00000
612.24200	-84.00000
612.29563	-236.00000
612.34925	196.00000
612.40287	-64.00000
612.45649	16.00000
612.51010	56.00000
612.56371	102.00000
612.61732	-32.00000
612.67092	14.00000
612.72452	-92.00000
612.77811	196.00000
612.83170	-204.00000
612.88528	-32.00000
612.93886	-62.00000
612.99244	-256.00000
613.04601	6.00000
613.09958	-18.00000
613.15315	-128.00000
613.20671	-208.00000
613.26027	31.00000
613.31382	54.00000
613.36737	-30.00000
613.42091	48.00000
613.47445	-4.00000
613.52799	-58.00000
613.58152	-194.00000
613.63505	90.00000
613.68858	-58.00000
613.74210	-64.00000
613.79562	-110.00000
613.84913	94.00000
613.90264	-89.00000
613.95614	102.00000
614.00965	-74.00000
614.06314	-225.00000
614.11663	84.00000
614.17012	-190.00000
614.22361	-6.00000
614.27709	-190.00000
614.33057	-286.00000
614.38404	-176.00000
614.43751	108.00000
614.49097	-78.00000
614.54444	-66.00000
614.59789	4.00000
614.65134	0.00000
614.70479	0.00000
614.75824	-116.00000
614.81168	-128.00000
614.86512	-196.00000
614.91855	18.00000
614.97198	-110.00000
615.02540	-38.00000
615.07882	224.00000
615.13224	-116.00000
615.18565	18.00000
615.23906	61.00000
615.29247	0.00000
615.34587	-113.00000
615.39927	-78.00000
615.45266	82.00000
615.50605	-53.00000
615.55943	-14.00000
615.61281	-122.00000
615.66619	-110.00000
615.71956	-32.00000
615.77293	2.00000
615.82630	-48.00000
615.87966	-22.00000
615.93302	-66.00000
615.98637	-154.00000
616.03972	-110.00000
616.09306	-254.00000
616.14640	-164.00000
616.19974	-83.00000
616.25307	155.00000
616.30640	-66.00000
616.35973	-166.00000
616.41305	50.00000
616.46637	-162.00000
616.51968	-207.00000
616.57299	-142.00000
616.62629	-64.00000
616.67960	-110.00000
616.73289	-32.00000
616.78618	-30.00000
616.83947	-144.00000
616.89276	-174.00000
616.94604	112.00000
616.99932	-292.00000
617.05259	-242.00000
617.10586	-158.00000
617.15912	11.00000
617.21239	-218.00000
617.26564	44.00000
617.31889	16.00000
617.37214	44.00000
617.42539	42.00000
617.47863	-18.00000
617.53187	-7.00000
617.58510	-116.00000
617.63833	-128.00000
617.69155	-190.00000
617.74478	30.00000
617.79799	-192.00000
617.85120	-124.00000
617.90441	-132.00000
617.95762	126.00000
618.01082	-108.00000
618.06402	-2.00000
618.11721	-194.00000
618.17040	-36.00000
618.22358	-34.00000
618.27677	70.00000
618.32994	22.00000
618.38311	-78.00000
618.43628	-60.00000
618.48945	-70.00000
618.54261	-94.00000
618.59577	-125.00000
618.64892	109.00000
618.70207	-126.00000
618.75521	-206.00000
618.80836	4.00000
618.86149	24.00000
618.91463	8.00000
618.96775	96.00000
619.02088	27.00000
619.07400	2.00000
619.12712	26.00000
619.18023	35.00000
619.23334	-126.00000
619.28644	-166.00000
619.33954	30.00000
619.39264	-158.00000
619.44574	-284.00000
619.49882	-142.00000
619.55191	-78.00000
619.60499	10.00000
619.65807	-6.00000
619.71114	-112.00000
619.76421	-210.00000
619.81727	-18.00000
619.87033	-304.00000
619.92339	-312.00000
619.97645	-114.00000
620.02949	-334.00000
620.08254	-34.00000
620.13558	2.00000
620.18862	-242.00000
620.24165	-222.00000
620.29468	18.00000
620.34770	-154.00000
620.40072	-208.00000
620.45374	-160.00000
620.50675	-126.00000
620.55976	3.00000
620.61277	-102.00000
620.66577	-138.00000
620.71877	-56.00000
620.77176	30.00000
620.82475	-66.00000
620.87773	-146.00000
620.93071	-6.00000
620.98369	-59.00000
621.03666	-46.00000
621.08963	-112.00000
621.14260	82.00000
621.19556	-212.00000
621.24852	-142.00000
621.30147	-78.00000
621.35442	-64.00000
621.40736	-80.00000
621.46030	-218.00000
621.51324	-270.00000
621.56617	-84.00000
621.61910	-32.00000
621.67203	-66.00000
621.72495	-198.00000
621.77787	64.00000
621.83078	-112.00000
621.88369	162.00000
621.93659	98.00000
621.98949	-182.00000
622.04239	-29.00000
622.09528	-5.00000
622.14817	-260.00000
622.20106	-32.00000
622.25394	-92.00000
622.30682	-89.00000
622.35969	36.00000
622.41256	-93.00000
622.46542	-102.00000
622.51828	-186.00000
622.57114	-5.00000
622.62400	-165.00000
622.67684	-186.00000
622.72969	-290.00000
622.78253	-115.00000
622.83537	-148.00000
622.88820	-146.00000
622.94103	-142.00000
622.99385	26.00000
623.04668	48.00000
623.09949	-160.00000
623.15230	-70.00000
623.20511	-110.00000
623.25792	-250.00000
623.31072	-204.00000
623.36352	-182.00000
623.41631	-178.00000
623.46910	-207.00000
623.52188	-60.00000
623.57466	-80.00000
623.62744	-182.00000
623.68021	-146.00000
623.73298	47.00000
623.78575	-14.00000
623.83851	-172.00000
623.89127	-373.00000
623.94402	-38.00000
623.99677	-16.00000
624.04951	12.00000
624.10226	-292.00000
624.15499	-132.00000
624.20773	-100.00000
624.26045	0.00000
624.31318	-54.00000
624.36590	-96.00000
624.41862	-64.00000
624.47133	-128.00000
624.52404	-114.00000
624.57674	-16.00000
624.62944	-130.00000
624.68214	-38.00000
624.73483	22.00000
624.78752	24.00000
624.84021	192.00000
624.89289	-49.00000
624.94557	16.00000
624.99824	42.00000
625.05091	-48.00000
625.10357	-90.00000
625.15624	-96.00000
625.20889	-44.00000
625.26154	-142.00000
625.31419	64.00000
625.36684	100.00000
625.41948	-160.00000
625.47212	-242.00000
625.52475	-150.00000
625.57738	-156.00000
625.63000	80.00000
625.68263	-210.00000
625.73524	260.00000
625.78785	-254.00000
625.84046	86.00000
625.89307	-60.00000
625.94567	0.00000
625.99827	-40.00000
626.05086	-118.00000
626.10345	-32.00000
626.15603	-34.00000
626.20862	78.00000
626.26119	-76.00000
626.31376	80.00000
626.36633	-96.00000
626.41890	4.00000
626.47146	171.00000
626.52402	-284.00000
626.57657	242.00000
626.62912	-176.00000
626.68166	-66.00000
626.73421	0.00000
626.78674	-34.00000
626.83928	0.00000
626.89180	82.00000
626.94433	-10.00000
626.99685	100.00000
627.04937	-34.00000
627.10188	-14.00000
627.15439	-64.00000
627.20689	182.00000
627.25940	-146.00000
627.31189	-80.00000
627.36438	70.00000
627.41687	-40.00000
627.46936	38.00000
627.52184	-68.00000
627.57432	58.00000
627.62679	10.00000
627.67926	-28.00000
627.73172	156.00000
627.78418	-134.00000
627.83664	-32.00000
627.88909	98.00000
627.94154	-256.00000
627.99399	-134.00000
628.04643	-115.00000
628.09887	0.00000
628.15130	-158.00000
628.20373	54.00000
628.25615	12.00000
628.30858	-80.00000
628.36099	-142.00000
628.41341	100.00000
628.46581	-82.00000
628.51822	-96.00000
628.57062	20.00000
628.62302	-132.00000
628.67541	48.00000
628.72780	-86.00000
628.78018	135.00000
628.83256	-10.00000
628.88494	-64.00000
628.93732	-36.00000
628.98968	0.00000
629.04205	-16.00000
629.09441	80.00000
629.14677	-58.00000
629.19912	-142.00000
629.25147	-160.00000
629.30381	-276.00000
629.35616	54.00000
629.40849	-156.00000
629.46082	-18.00000
629.51315	-251.00000
629.56548	100.00000
629.61780	-208.00000
629.67012	-4.00000
629.72243	-126.00000
629.77474	150.00000
629.82704	-18.00000
629.87934	-175.00000
629.93164	-80.00000
629.98393	0.00000
630.03622	-240.00000
630.08851	-2.00000
630.14079	74.00000
630.19307	18.00000
630.24534	-22.00000
630.29761	-76.00000
630.34987	-32.00000
630.40213	-110.00000
630.45439	-148.00000
630.50664	-198.00000
630.55889	-92.00000
630.61114	150.00000
630.66338	-176.00000
630.71562	62.00000
630.76785	72.00000
630.82008	-86.00000
630.87230	-112.00000
630.92453	-78.00000
630.97674	-66.00000
631.02895	-160.00000
631.08116	-222.00000
631.13337	118.00000
631.18557	124.00000
631.23777	36.00000
631.28996	-116.00000
631.34215	-48.00000
631.39433	80.00000
631.44651	-166.00000
631.49869	-15.00000
631.55087	39.00000
631.60303	68.00000
631.65520	-46.00000
631.70736	-162.00000
631.75952	-14.00000
631.81167	-62.00000
631.86382	-94.00000
631.91596	2.00000
631.96811	-160.00000
632.02024	160.00000
632.07237	82.00000
632.12450	-46.00000
632.17663	16.00000
632.22875	-14.00000
632.28087	22.00000
632.33298	-134.00000
632.38509	-62.00000
632.43719	-174.00000
632.48929	-106.00000
632.54139	88.00000
632.59349	124.00000
632.64557	-174.00000
632.69766	96.00000
632.74974	-116.00000
632.80182	188.00000
632.85389	96.00000
632.90596	128.00000
632.95802	-70.00000
633.01008	48.00000
633.06214	-80.00000
633.11419	96.00000
633.16624	-126.00000
633.21829	-150.00000
633.27033	104.00000
633.32237	-368.00000
633.37440	-30.00000
633.42643	-67.00000
633.47845	34.00000
633.53048	150.00000
633.58249	-190.00000
633.63450	0.00000
633.68651	-79.00000
633.73852	-146.00000
633.79052	2.00000
633.84252	-84.00000
633.89451	-146.00000
633.94650	-165.00000
633.99848	2.00000
634.05047	59.00000
634.10244	-70.00000
634.15441	-163.00000
634.20638	24.00000
634.25835	-16.00000
634.31031	-94.00000
634.36227	-130.00000
634.41422	-78.00000
634.46617	-30.00000
634.51811	10.00000
634.57005	32.00000
634.62199	18.00000
634.67392	-3.00000
634.72585	-14.00000
634.77778	58.00000
634.82970	-210.00000
634.88162	-52.00000
634.93353	-131.00000
634.98544	-390.00000
635.03734	29.00000
635.08925	-55.00000
635.14114	-20.00000
635.19304	-62.00000
635.24492	-174.00000
635.29681	-100.00000
635.34869	-126.00000
635.40057	-428.00000
635.45244	-8.00000
635.50431	-122.00000
635.55617	-184.00000
635.60803	-142.00000
635.65989	-122.00000
635.71174	-230.00000
635.76359	-198.00000
635.81544	-14.00000
635.86728	-110.00000
635.91912	-162.00000
635.97095	-164.00000
636.02278	-158.00000
636.07460	-134.00000
636.12643	-192.00000
636.17824	-37.00000
636.23005	-174.00000
636.28186	-14.00000
636.33367	-196.00000
636.38547	-196.00000
636.43727	-142.00000
636.48906	-66.00000
636.54085	-82.00000
636.59263	94.00000
636.64441	-270.00000
636.69619	-180.00000
636.74797	-142.00000
636.79973	-270.00000
636.85150	-178.00000
636.90326	-202.00000
636.95502	-117.00000
637.00677	-246.00000
637.05852	-32.00000
637.11026	2.00000
637.16200	-206.00000
637.21374	-260.00000
637.26548	-218.00000
637.31720	-94.00000
637.36893	-128.00000
637.42065	-160.00000
637.47237	-128.00000
637.52408	-132.00000
637.57579	-201.00000
637.62749	210.00000
637.67920	-138.00000
637.73089	-174.00000
637.78259	-192.00000
637.83427	-88.00000
637.88596	-30.00000
637.93764	-382.00000
637.98932	-150.00000
638.04099	-84.00000
638.09266	-260.00000
638.14432	-96.00000
638.19598	-122.00000
638.24764	86.00000
638.29929	-25.00000
638.35094	188.00000
638.40259	-176.00000
638.45423	-154.00000
638.50587	-196.00000
638.55750	-146.00000
638.60913	-336.00000
638.66075	90.00000
638.71237	-46.00000
638.76399	-80.00000
638.81560	-62.00000
638.86721	-30.00000
638.91882	-70.00000
638.97042	-62.00000
639.02202	50.00000
639.07361	86.00000
639.12520	-36.00000
639.17678	-496.00000
639.22837	-276.00000
639.27994	-68.00000
639.33151	-210.00000
639.38308	-179.00000
639.43465	-74.00000
639.48621	156.00000
639.53777	94.00000
639.58932	80.00000
639.64087	-122.00000
639.69241	-142.00000
639.74396	-128.00000
639.79549	44.00000
639.84703	-1357.00000
639.89855	32.00000
639.95008	112.00000
640.00160	-86.00000
640.05312	-144.00000
640.10463	22.00000
640.15614	-150.00000
640.20764	2.00000
640.25914	-158.00000
640.31064	-70.00000
640.36213	48.00000
640.41362	51.00000
640.46511	-142.00000
640.51659	-130.00000
640.56807	-161.00000
640.61954	-534.00000
640.67101	-146.00000
640.72247	214.00000
640.77393	-88.00000
640.82539	-176.00000
640.87685	-116.00000
640.92829	-54.00000
640.97974	-160.00000
641.03118	-50.00000
641.08262	-138.00000
641.13405	-546.00000
641.18548	138.00000
641.23690	-131.00000
641.28832	157.00000
641.33974	-98.00000
641.39116	-132.00000
641.44256	-62.00000
641.49397	-292.00000
641.54537	300.00000
641.59677	74.00000
641.64816	-150.00000
641.69955	-226.00000
641.75093	116.00000
641.80232	-339.00000
641.85369	42.00000
641.90507	-298.00000
641.95643	-90.00000
642.00780	48.00000
642.05916	14.00000
642.11052	-184.00000
642.16187	-111.00000
642.21322	30.00000
642.26456	-110.00000
642.31591	90.00000
642.36724	-48.00000
642.41857	-167.00000
642.46990	-450.00000
642.52123	-50.00000
642.57255	468.00000
642.62387	-148.00000
642.67518	-84.00000
642.72649	-94.00000
642.77779	-210.00000
642.82909	-152.00000
642.88039	-48.00000
642.93168	-2.00000
642.98297	-165.00000
643.03426	94.00000
643.08554	-112.00000
643.13682	-114.00000
643.18809	-274.00000
643.23936	-114.00000
643.29062	-30.00000
643.34189	130.00000
643.39314	-82.00000
643.44439	26.00000
643.49564	-130.00000
643.54689	-158.00000
643.59813	68.00000
643.64937	-256.00000
643.70060	26.00000
643.75183	-590.00000
643.80305	282.00000
643.85428	170.00000
643.90549	-237.00000
643.95670	-140.00000
644.00791	-144.00000
644.05912	18.00000
644.11032	-50.00000
644.16152	298.00000
644.21271	-48.00000
644.26390	-118.00000
644.31508	-94.00000
644.36626	-290.00000
644.41744	-42.00000
644.46861	-146.00000
644.51978	-166.00000
644.57095	88.00000
644.62211	114.00000
644.67327	238.00000
644.72442	764.00000
644.77557	292.00000
644.82671	-254.00000
644.87785	-282.00000
644.92899	70.00000
644.98013	-66.00000
645.03125	144.00000
645.08238	0.00000
645.13350	-106.00000
645.18462	102.00000
645.23573	-58.00000
645.28684	76.00000
645.33794	34.00000
645.38904	-102.00000
645.44014	-162.00000
645.49124	8.00000
645.54232	-1276.00000
645.59341	42.00000
645.64449	30.00000
645.69557	-674.00000
645.74664	-34.00000
645.79771	18.00000
645.84877	-310.00000
645.89984	-38.00000
645.95089	-48.00000
646.00194	-68.00000
646.05299	-16.00000
646.10404	-174.00000
646.15508	-146.00000
646.20612	-111.00000
646.25715	-162.00000
646.30818	142.00000
646.35920	-320.00000
646.41022	48.00000
646.46124	126.00000
646.51225	-114.00000
646.56326	-2.00000
646.61427	-30.00000
646.66527	-150.00000
646.71627	2.00000
646.76726	-50.00000
646.81825	162.00000
646.86923	-178.00000
646.92021	-158.00000
646.97119	210.00000
647.02216	-128.00000
647.07313	-51.00000
647.12410	-32.00000
647.17506	-184.00000
647.22602	-294.00000
647.27697	-106.00000
647.32792	-257.00000
647.37886	62.00000
647.42981	112.00000
647.48074	-18.00000
647.53168	-254.00000
647.58260	-114.00000
647.63353	-864.00000
647.68445	-28.00000
647.73537	-192.00000
647.78628	-188.00000
647.83719	-138.00000
647.88809	-138.00000
647.93899	-298.00000
647.98989	-178.00000
648.04079	-178.00000
648.09167	126.00000
648.14256	26.00000
648.19344	-214.00000
648.24432	-148.00000
648.29519	-138.00000
648.34606	-18.00000
648.39692	-42.00000
648.44778	-154.00000
648.49864	-242.00000
648.54949	-338.00000
648.60034	-117.00000
648.65119	18.00000
648.70203	57.00000
648.75287	-60.00000
648.80370	-82.00000
648.85453	-208.00000
648.90535	-96.00000
648.95617	-177.00000
649.00699	-90.00000
649.05781	-278.00000
649.10861	-51.00000
649.15942	-34.00000
649.21022	-16.00000
649.26102	-30.00000
649.31181	50.00000
649.36260	-50.00000
649.41338	-272.00000
649.46416	52.00000
649.51494	-252.00000
649.56572	-366.00000
649.61648	-4.00000
649.66725	65.00000
649.71801	-56.00000
649.76877	-236.00000
649.81952	-16.00000
649.87027	-48.00000
649.92101	10.00000
649.97176	66.00000
650.02249	-85.00000
650.07322	-177.00000
650.12395	-38.00000
650.17468	-57.00000
650.22540	-284.00000
650.27612	32.00000
650.32683	4.00000
650.37754	-32.00000
650.42824	-98.00000
650.47894	-292.00000
650.52964	-112.00000
650.58033	32.00000
650.63102	62.00000
650.68171	-92.00000
650.73239	-110.00000
650.78307	-374.00000
650.83374	-126.00000
650.88441	160.00000
650.93507	98.00000
650.98573	-224.00000
651.03639	-238.00000
651.08704	112.00000
651.13769	50.00000
651.18834	-250.00000
651.23898	-180.00000
651.28962	-10.00000
651.34025	32.00000
651.39088	-456.00000
651.44150	70.00000
651.49213	128.00000
651.54274	48.00000
651.59335	-60.00000
651.64396	-1360.00000
651.69457	30.00000
651.74517	-78.00000
651.79577	-158.00000
651.84636	-160.00000
651.89695	-286.00000
651.94753	112.00000
651.99811	-158.00000
652.04869	-48.00000
652.09926	16.00000
652.14983	50.00000
652.20040	-260.00000
652.25096	146.00000
652.30152	2.00000
652.35207	-296.00000
652.40262	-114.00000
652.45316	-6.00000
652.50370	-144.00000
652.55424	112.00000
652.60478	24.00000
652.65530	-142.00000
652.70583	90.00000
652.75635	-206.00000
652.80687	-22.00000
652.85738	6.00000
652.90789	-118.00000
652.95839	-160.00000
653.00889	-230.00000
653.05939	-128.00000
653.10989	-82.00000
653.16037	-176.00000
653.21086	-98.00000
653.26134	-78.00000
653.31182	-1264.00000
653.36229	-72.00000
653.41276	-16.00000
653.46322	-514.00000
653.51368	-30.00000
653.56414	-188.00000
653.61460	-114.00000
653.66504	134.00000
653.71549	-178.00000
653.76593	-30.00000
653.81637	-244.00000
653.86680	-720.00000
653.91723	-458.00000
653.96765	-138.00000
654.01808	-496.00000
654.06849	-154.00000
654.11891	-60.00000
654.16931	-248.00000
654.21972	46.00000
654.27012	-46.00000
654.32052	-124.00000
654.37091	20.00000
654.42130	-234.00000
654.47168	32.00000
654.52206	-232.00000
654.57244	-86.00000
654.62281	-9.00000
654.67318	38.00000
654.72355	-304.00000
654.77391	188.00000
654.82427	160.00000
654.87462	96.00000
654.92497	-224.00000
654.97531	5.00000
655.02565	-184.00000
655.07599	-128.00000
655.12632	-82.00000
655.17665	-96.00000
655.22698	-98.00000
655.27730	-190.00000
655.32762	-433.00000
655.37793	-172.00000
655.42824	-74.00000
655.47854	98.00000
655.52885	0.00000
655.57914	-368.00000
655.62944	-128.00000
655.67972	-45.00000
655.73001	-74.00000
655.78029	-80.00000
655.83057	-110.00000
655.88084	-168.00000
655.93111	4.00000
655.98137	-176.00000
656.03164	-59.00000
656.08189	47.00000
656.13215	-68.00000
656.18239	-80.00000
656.23264	-174.00000
656.28288	-64.00000
656.33312	-10.00000
656.38335	-111.00000
656.43358	-201.00000
656.48380	112.00000
656.53403	-48.00000
656.58424	112.00000
656.63446	-102.00000
656.68466	-66.00000
656.73487	239.00000
656.78507	-122.00000
656.83527	-44.00000
656.88546	-68.00000
656.93565	-20.00000
656.98583	-144.00000
657.03602	-72.00000
657.08619	-289.00000
657.13637	-46.00000
657.18653	434.00000
657.23670	-98.00000
657.28686	-64.00000
657.33702	14.00000
657.38717	-110.00000
657.43732	46.00000
657.48746	-90.00000
657.53760	-96.00000
657.58774	26.00000
657.63788	-256.00000
657.68800	-84.00000
657.73813	-176.00000
657.78825	-110.00000
657.83837	14.00000
657.88848	-61.00000
657.93859	80.00000
657.98869	104.00000
658.03880	-150.00000
658.08889	-181.00000
658.13899	-448.00000
658.18907	-110.00000
658.23916	128.00000
658.28924	-76.00000
658.33932	-198.00000
658.38939	2.00000
658.43946	18.00000
658.48952	-32.00000
658.53958	-160.00000
658.58964	-432.00000
658.63969	-50.00000
658.68974	80.00000
658.73979	-244.00000
658.78983	-22.00000
658.83987	164.00000
658.88990	-80.00000
658.93993	-129.00000
658.98995	-134.00000
659.03998	22.00000
659.08999	2.00000
659.14000	66.00000
659.19001	-48.00000
659.24002	-414.00000
659.29002	-152.00000
659.34002	-53.00000
659.39001	-1299.00000
659.44000	100.00000
659.48998	-144.00000
659.53997	-84.00000
659.58994	-32.00000
659.63991	-8.00000
659.68988	-169.00000
659.73985	-208.00000
659.78981	-62.00000
659.83977	-390.00000
659.88972	384.00000
659.93967	94.00000
659.98961	-24.00000
660.03956	-182.00000
660.08949	10.00000
660.13942	-271.00000
660.18935	-88.00000
660.23928	-57.00000
660.28920	140.00000
660.33912	58.00000
660.38903	-247.00000
660.43894	141.00000
660.48884	131.00000
660.53874	23.00000
660.58864	-316.00000
660.63853	-1586.00000
660.68842	112.00000
660.73831	36.00000
660.78819	-144.00000
660.83807	-266.00000
660.88794	-122.00000
660.93781	74.00000
660.98767	-93.00000
661.03753	64.00000
661.08739	-160.00000
661.13725	-94.00000
661.18709	-626.00000
661.23694	-50.00000
661.28678	62.00000
661.33662	-302.00000
661.38645	32.00000
661.43628	-4.00000
661.48610	556.00000
661.53592	62.00000
661.58574	134.00000
661.63556	-82.00000
661.68536	-80.00000
661.73517	-34.00000
661.78497	-18.00000
661.83477	-54.00000
661.88456	-882.00000
661.93435	178.00000
661.98413	-252.00000
662.03391	-386.00000
662.08369	32.00000
662.13347	130.00000
662.18323	-108.00000
662.23300	14.00000
662.28276	-98.00000
662.33252	-361.00000
662.38227	226.00000
662.43202	-36.00000
662.48176	-56.00000
662.53151	-234.00000
662.58124	-178.00000
662.63097	286.00000
662.68070	78.00000
662.73043	-94.00000
662.78015	-54.00000
662.82987	38.00000
662.87958	-80.00000
662.92929	-178.00000
662.97899	64.00000
663.02869	158.00000
663.07839	-190.00000
663.12808	-202.00000
663.17777	10.00000
663.22746	238.00000
663.27714	-182.00000
663.32682	-28.00000
663.37649	166.00000
663.42616	-124.00000
663.47582	-10.00000
663.52549	-186.00000
663.57514	-186.00000
663.62480	-224.00000
663.67444	-22.00000
663.72409	-70.00000
663.77373	-73.00000
663.82337	-304.00000
663.87300	-112.00000
663.92263	-192.00000
663.97225	234.00000
664.02188	-42.00000
664.07149	-128.00000
664.12111	-22.00000
664.17071	10.00000
664.22032	90.00000
664.26992	-144.00000
664.31952	-224.00000
664.36911	-352.00000
664.41870	-206.00000
664.46828	-360.00000
664.51787	-640.00000
664.56744	-80.00000
664.61701	20.00000
664.66658	-182.00000
664.71615	-232.00000
664.76571	-258.00000
664.81527	2.00000
664.86482	-42.00000
664.91437	192.00000
664.96391	-8.00000
665.01346	-126.00000
665.06299	-240.00000
665.11253	80.00000
665.16205	-22.00000
665.21158	-174.00000
665.26110	-234.00000
665.31062	-50.00000
665.36013	142.00000
665.40964	-46.00000
665.45914	-130.00000
665.50865	-32.00000
665.55814	-18.00000
665.60764	-54.00000
665.65712	266.00000
665.70661	-246.00000
665.75609	-48.00000
665.80557	8.00000
665.85504	-92.00000
665.90451	-116.00000
665.95397	222.00000
666.00344	-260.00000
666.05289	-134.00000
666.10235	-48.00000
666.15179	-196.00000
666.20124	-128.00000
666.25068	-75.00000
666.30012	-172.00000
666.34955	114.00000
666.39898	43.00000
666.44840	20.00000
666.49783	170.00000
666.54724	-144.00000
666.59665	-352.00000
666.64606	-173.00000
666.69547	-270.00000
666.74487	18.00000
666.79427	-30.00000
666.84366	-320.00000
666.89305	-64.00000
666.94243	69.00000
666.99181	6.00000
667.04119	-48.00000
667.09056	-160.00000
667.13993	-166.00000
667.18930	255.00000
667.23866	152.00000
667.28802	-240.00000
667.33737	-48.00000
667.38672	46.00000
667.43606	-94.00000
667.48541	-204.00000
667.53474	-13.00000
667.58407	42.00000
667.63340	-16.00000
667.68273	-81.00000
667.73205	-10.00000
667.78137	-85.00000
667.83068	-46.00000
667.87999	50.00000
667.92929	195.00000
667.97860	-16.00000
668.02789	8.00000
668.07718	98.00000
